park_id,date,weekday,hour,occupacy_percentage
11,2017-09-01,Fri,00:00:00,0.0
11,2017-09-01,Fri,00:30:00,0.0
11,2017-09-01,Fri,01:00:00,0.0
11,2017-09-01,Fri,01:30:00,0.0
11,2017-09-01,Fri,02:00:00,0.0
11,2017-09-01,Fri,02:30:00,0.0
11,2017-09-01,Fri,03:00:00,0.0
11,2017-09-01,Fri,03:30:00,0.0
11,2017-09-01,Fri,04:00:00,0.0
11,2017-09-01,Fri,04:30:00,0.0
11,2017-09-01,Fri,05:00:00,0.0
11,2017-09-01,Fri,05:30:00,0.0
11,2017-09-01,Fri,06:00:00,0.0
11,2017-09-01,Fri,06:30:00,0.0
11,2017-09-01,Fri,07:00:00,0.0
11,2017-09-01,Fri,07:30:00,0.0
11,2017-09-01,Fri,08:00:00,23.8
11,2017-09-01,Fri,08:30:00,23.8
11,2017-09-01,Fri,09:00:00,19.0
11,2017-09-01,Fri,09:30:00,19.0
11,2017-09-01,Fri,10:00:00,19.0
11,2017-09-01,Fri,10:30:00,14.3
11,2017-09-01,Fri,11:00:00,14.3
11,2017-09-01,Fri,11:30:00,38.1
11,2017-09-01,Fri,12:00:00,33.3
11,2017-09-01,Fri,12:30:00,23.8
11,2017-09-01,Fri,13:00:00,19.0
11,2017-09-01,Fri,13:30:00,14.3
11,2017-09-01,Fri,14:00:00,9.5
11,2017-09-01,Fri,14:30:00,9.5
11,2017-09-01,Fri,15:00:00,0.0
11,2017-09-01,Fri,15:30:00,0.0
11,2017-09-01,Fri,16:00:00,0.0
11,2017-09-01,Fri,16:30:00,0.0
11,2017-09-01,Fri,17:00:00,0.0
11,2017-09-01,Fri,17:30:00,0.0
11,2017-09-01,Fri,18:00:00,0.0
11,2017-09-01,Fri,18:30:00,0.0
11,2017-09-01,Fri,19:00:00,0.0
11,2017-09-01,Fri,19:30:00,0.0
11,2017-09-01,Fri,20:00:00,0.0
11,2017-09-01,Fri,20:30:00,0.0
11,2017-09-01,Fri,21:00:00,0.0
11,2017-09-01,Fri,21:30:00,0.0
11,2017-09-01,Fri,22:00:00,0.0
11,2017-09-01,Fri,22:30:00,0.0
11,2017-09-01,Fri,23:00:00,0.0
11,2017-09-01,Fri,23:30:00,0.0
11,2017-09-02,Sat,00:00:00,0.0
11,2017-09-02,Sat,00:30:00,0.0
11,2017-09-02,Sat,01:00:00,0.0
11,2017-09-02,Sat,01:30:00,0.0
11,2017-09-02,Sat,02:00:00,0.0
11,2017-09-02,Sat,02:30:00,0.0
11,2017-09-02,Sat,03:00:00,0.0
11,2017-09-02,Sat,03:30:00,0.0
11,2017-09-02,Sat,04:00:00,0.0
11,2017-09-02,Sat,04:30:00,0.0
11,2017-09-02,Sat,05:00:00,0.0
11,2017-09-02,Sat,05:30:00,0.0
11,2017-09-02,Sat,06:00:00,0.0
11,2017-09-02,Sat,06:30:00,0.0
11,2017-09-02,Sat,07:00:00,0.0
11,2017-09-02,Sat,07:30:00,0.0
11,2017-09-02,Sat,08:00:00,4.8
11,2017-09-02,Sat,08:30:00,4.8
11,2017-09-02,Sat,09:00:00,4.8
11,2017-09-02,Sat,09:30:00,9.5
11,2017-09-02,Sat,10:00:00,9.5
11,2017-09-02,Sat,10:30:00,9.5
11,2017-09-02,Sat,11:00:00,9.5
11,2017-09-02,Sat,11:30:00,4.8
11,2017-09-02,Sat,12:00:00,4.8
11,2017-09-02,Sat,12:30:00,4.8
11,2017-09-02,Sat,13:00:00,4.8
11,2017-09-02,Sat,13:30:00,4.8
11,2017-09-02,Sat,14:00:00,4.8
11,2017-09-02,Sat,14:30:00,4.8
11,2017-09-02,Sat,15:00:00,4.8
11,2017-09-02,Sat,15:30:00,0.0
11,2017-09-02,Sat,16:00:00,4.8
11,2017-09-02,Sat,16:30:00,4.8
11,2017-09-02,Sat,17:00:00,4.8
11,2017-09-02,Sat,17:30:00,4.8
11,2017-09-02,Sat,18:00:00,4.8
11,2017-09-02,Sat,18:30:00,4.8
11,2017-09-02,Sat,19:00:00,4.8
11,2017-09-02,Sat,19:30:00,0.0
11,2017-09-02,Sat,20:00:00,0.0
11,2017-09-02,Sat,20:30:00,0.0
11,2017-09-02,Sat,21:00:00,0.0
11,2017-09-02,Sat,21:30:00,0.0
11,2017-09-02,Sat,22:00:00,0.0
11,2017-09-02,Sat,22:30:00,0.0
11,2017-09-02,Sat,23:00:00,0.0
11,2017-09-02,Sat,23:30:00,0.0
11,2017-09-03,Sun,00:00:00,0.0
11,2017-09-03,Sun,00:30:00,0.0
11,2017-09-03,Sun,01:00:00,0.0
11,2017-09-03,Sun,01:30:00,0.0
11,2017-09-03,Sun,02:00:00,0.0
11,2017-09-03,Sun,02:30:00,0.0
11,2017-09-03,Sun,03:00:00,0.0
11,2017-09-03,Sun,03:30:00,0.0
11,2017-09-03,Sun,04:00:00,0.0
11,2017-09-03,Sun,04:30:00,0.0
11,2017-09-03,Sun,05:00:00,0.0
11,2017-09-03,Sun,05:30:00,0.0
11,2017-09-03,Sun,06:00:00,0.0
11,2017-09-03,Sun,06:30:00,0.0
11,2017-09-03,Sun,07:00:00,0.0
11,2017-09-03,Sun,07:30:00,4.8
11,2017-09-03,Sun,08:00:00,4.8
11,2017-09-03,Sun,08:30:00,4.8
11,2017-09-03,Sun,09:00:00,4.8
11,2017-09-03,Sun,09:30:00,9.5
11,2017-09-03,Sun,10:00:00,14.3
11,2017-09-03,Sun,10:30:00,9.5
11,2017-09-03,Sun,11:00:00,9.5
11,2017-09-03,Sun,11:30:00,9.5
11,2017-09-03,Sun,12:00:00,9.5
11,2017-09-03,Sun,12:30:00,9.5
11,2017-09-03,Sun,13:00:00,9.5
11,2017-09-03,Sun,13:30:00,9.5
11,2017-09-03,Sun,14:00:00,9.5
11,2017-09-03,Sun,14:30:00,9.5
11,2017-09-03,Sun,15:00:00,9.5
11,2017-09-03,Sun,15:30:00,0.0
11,2017-09-03,Sun,16:00:00,0.0
11,2017-09-03,Sun,16:30:00,0.0
11,2017-09-03,Sun,17:00:00,0.0
11,2017-09-03,Sun,17:30:00,0.0
11,2017-09-03,Sun,18:00:00,0.0
11,2017-09-03,Sun,18:30:00,0.0
11,2017-09-03,Sun,19:00:00,0.0
11,2017-09-03,Sun,19:30:00,0.0
11,2017-09-03,Sun,20:00:00,0.0
11,2017-09-03,Sun,20:30:00,0.0
11,2017-09-03,Sun,21:00:00,0.0
11,2017-09-03,Sun,21:30:00,0.0
11,2017-09-03,Sun,22:00:00,0.0
11,2017-09-03,Sun,22:30:00,0.0
11,2017-09-03,Sun,23:00:00,0.0
11,2017-09-03,Sun,23:30:00,0.0
11,2017-09-04,Mon,00:00:00,0.0
11,2017-09-04,Mon,00:30:00,0.0
11,2017-09-04,Mon,01:00:00,0.0
11,2017-09-04,Mon,01:30:00,0.0
11,2017-09-04,Mon,02:00:00,0.0
11,2017-09-04,Mon,02:30:00,0.0
11,2017-09-04,Mon,03:00:00,0.0
11,2017-09-04,Mon,03:30:00,0.0
11,2017-09-04,Mon,04:00:00,0.0
11,2017-09-04,Mon,04:30:00,0.0
11,2017-09-04,Mon,05:00:00,0.0
11,2017-09-04,Mon,05:30:00,0.0
11,2017-09-04,Mon,06:00:00,0.0
11,2017-09-04,Mon,06:30:00,0.0
11,2017-09-04,Mon,07:00:00,0.0
11,2017-09-04,Mon,07:30:00,9.5
11,2017-09-04,Mon,08:00:00,23.8
11,2017-09-04,Mon,08:30:00,23.8
11,2017-09-04,Mon,09:00:00,23.8
11,2017-09-04,Mon,09:30:00,33.3
11,2017-09-04,Mon,10:00:00,33.3
11,2017-09-04,Mon,10:30:00,33.3
11,2017-09-04,Mon,11:00:00,28.6
11,2017-09-04,Mon,11:30:00,33.3
11,2017-09-04,Mon,12:00:00,33.3
11,2017-09-04,Mon,12:30:00,28.6
11,2017-09-04,Mon,13:00:00,23.8
11,2017-09-04,Mon,13:30:00,14.3
11,2017-09-04,Mon,14:00:00,9.5
11,2017-09-04,Mon,14:30:00,9.5
11,2017-09-04,Mon,15:00:00,9.5
11,2017-09-04,Mon,15:30:00,4.8
11,2017-09-04,Mon,16:00:00,4.8
11,2017-09-04,Mon,16:30:00,0.0
11,2017-09-04,Mon,17:00:00,0.0
11,2017-09-04,Mon,17:30:00,0.0
11,2017-09-04,Mon,18:00:00,0.0
11,2017-09-04,Mon,18:30:00,0.0
11,2017-09-04,Mon,19:00:00,0.0
11,2017-09-04,Mon,19:30:00,0.0
11,2017-09-04,Mon,20:00:00,0.0
11,2017-09-04,Mon,20:30:00,0.0
11,2017-09-04,Mon,21:00:00,0.0
11,2017-09-04,Mon,21:30:00,0.0
11,2017-09-04,Mon,22:00:00,0.0
11,2017-09-04,Mon,22:30:00,0.0
11,2017-09-04,Mon,23:00:00,0.0
11,2017-09-04,Mon,23:30:00,0.0
11,2017-09-05,Tue,00:00:00,0.0
11,2017-09-05,Tue,00:30:00,0.0
11,2017-09-05,Tue,01:00:00,0.0
11,2017-09-05,Tue,01:30:00,0.0
11,2017-09-05,Tue,02:00:00,0.0
11,2017-09-05,Tue,02:30:00,0.0
11,2017-09-05,Tue,03:00:00,0.0
11,2017-09-05,Tue,03:30:00,0.0
11,2017-09-05,Tue,04:00:00,0.0
11,2017-09-05,Tue,04:30:00,0.0
11,2017-09-05,Tue,05:00:00,0.0
11,2017-09-05,Tue,05:30:00,0.0
11,2017-09-05,Tue,06:00:00,0.0
11,2017-09-05,Tue,06:30:00,0.0
11,2017-09-05,Tue,07:00:00,0.0
11,2017-09-05,Tue,07:30:00,9.5
11,2017-09-05,Tue,08:00:00,19.0
11,2017-09-05,Tue,08:30:00,19.0
11,2017-09-05,Tue,09:00:00,19.0
11,2017-09-05,Tue,09:30:00,23.8
11,2017-09-05,Tue,10:00:00,23.8
11,2017-09-05,Tue,10:30:00,23.8
11,2017-09-05,Tue,11:00:00,23.8
11,2017-09-05,Tue,11:30:00,23.8
11,2017-09-05,Tue,12:00:00,23.8
11,2017-09-05,Tue,12:30:00,23.8
11,2017-09-05,Tue,13:00:00,14.3
11,2017-09-05,Tue,13:30:00,4.8
11,2017-09-05,Tue,14:00:00,28.6
11,2017-09-05,Tue,14:30:00,23.8
11,2017-09-05,Tue,15:00:00,23.8
11,2017-09-05,Tue,15:30:00,23.8
11,2017-09-05,Tue,16:00:00,28.6
11,2017-09-05,Tue,16:30:00,23.8
11,2017-09-05,Tue,17:00:00,23.8
11,2017-09-05,Tue,17:30:00,23.8
11,2017-09-05,Tue,18:00:00,14.3
11,2017-09-05,Tue,18:30:00,14.3
11,2017-09-05,Tue,19:00:00,14.3
11,2017-09-05,Tue,19:30:00,4.8
11,2017-09-05,Tue,20:00:00,4.8
11,2017-09-05,Tue,20:30:00,0.0
11,2017-09-05,Tue,21:00:00,0.0
11,2017-09-05,Tue,21:30:00,0.0
11,2017-09-05,Tue,22:00:00,0.0
11,2017-09-05,Tue,22:30:00,0.0
11,2017-09-05,Tue,23:00:00,0.0
11,2017-09-05,Tue,23:30:00,0.0
11,2017-09-06,Wed,00:00:00,0.0
11,2017-09-06,Wed,00:30:00,0.0
11,2017-09-06,Wed,01:00:00,0.0
11,2017-09-06,Wed,01:30:00,0.0
11,2017-09-06,Wed,02:00:00,0.0
11,2017-09-06,Wed,02:30:00,0.0
11,2017-09-06,Wed,03:00:00,0.0
11,2017-09-06,Wed,03:30:00,0.0
11,2017-09-06,Wed,04:00:00,0.0
11,2017-09-06,Wed,04:30:00,0.0
11,2017-09-06,Wed,05:00:00,0.0
11,2017-09-06,Wed,05:30:00,0.0
11,2017-09-06,Wed,06:00:00,0.0
11,2017-09-06,Wed,06:30:00,0.0
11,2017-09-06,Wed,07:00:00,0.0
11,2017-09-06,Wed,07:30:00,4.8
11,2017-09-06,Wed,08:00:00,14.3
11,2017-09-06,Wed,08:30:00,14.3
11,2017-09-06,Wed,09:00:00,14.3
11,2017-09-06,Wed,09:30:00,28.6
11,2017-09-06,Wed,10:00:00,28.6
11,2017-09-06,Wed,10:30:00,28.6
11,2017-09-06,Wed,11:00:00,28.6
11,2017-09-06,Wed,11:30:00,33.3
11,2017-09-06,Wed,12:00:00,28.6
11,2017-09-06,Wed,12:30:00,28.6
11,2017-09-06,Wed,13:00:00,23.8
11,2017-09-06,Wed,13:30:00,9.5
11,2017-09-06,Wed,14:00:00,9.5
11,2017-09-06,Wed,14:30:00,4.8
11,2017-09-06,Wed,15:00:00,4.8
11,2017-09-06,Wed,15:30:00,0.0
11,2017-09-06,Wed,16:00:00,0.0
11,2017-09-06,Wed,16:30:00,0.0
11,2017-09-06,Wed,17:00:00,0.0
11,2017-09-06,Wed,17:30:00,0.0
11,2017-09-06,Wed,18:00:00,0.0
11,2017-09-06,Wed,18:30:00,0.0
11,2017-09-06,Wed,19:00:00,0.0
11,2017-09-06,Wed,19:30:00,0.0
11,2017-09-06,Wed,20:00:00,0.0
11,2017-09-06,Wed,20:30:00,0.0
11,2017-09-06,Wed,21:00:00,0.0
11,2017-09-06,Wed,21:30:00,0.0
11,2017-09-06,Wed,22:00:00,0.0
11,2017-09-06,Wed,22:30:00,0.0
11,2017-09-06,Wed,23:00:00,0.0
11,2017-09-06,Wed,23:30:00,0.0
11,2017-09-07,Thu,00:00:00,0.0
11,2017-09-07,Thu,00:30:00,0.0
11,2017-09-07,Thu,01:00:00,0.0
11,2017-09-07,Thu,01:30:00,0.0
11,2017-09-07,Thu,02:00:00,0.0
11,2017-09-07,Thu,02:30:00,0.0
11,2017-09-07,Thu,03:00:00,0.0
11,2017-09-07,Thu,03:30:00,0.0
11,2017-09-07,Thu,04:00:00,0.0
11,2017-09-07,Thu,04:30:00,0.0
11,2017-09-07,Thu,05:00:00,0.0
11,2017-09-07,Thu,05:30:00,0.0
11,2017-09-07,Thu,06:00:00,0.0
11,2017-09-07,Thu,06:30:00,0.0
11,2017-09-07,Thu,07:00:00,0.0
11,2017-09-07,Thu,07:30:00,4.8
11,2017-09-07,Thu,08:00:00,19.0
11,2017-09-07,Thu,08:30:00,19.0
11,2017-09-07,Thu,09:00:00,14.3
11,2017-09-07,Thu,09:30:00,19.0
11,2017-09-07,Thu,10:00:00,23.8
11,2017-09-07,Thu,10:30:00,23.8
11,2017-09-07,Thu,11:00:00,23.8
11,2017-09-07,Thu,11:30:00,28.6
11,2017-09-07,Thu,12:00:00,28.6
11,2017-09-07,Thu,12:30:00,28.6
11,2017-09-07,Thu,13:00:00,19.0
11,2017-09-07,Thu,13:30:00,14.3
11,2017-09-07,Thu,14:00:00,28.6
11,2017-09-07,Thu,14:30:00,23.8
11,2017-09-07,Thu,15:00:00,19.0
11,2017-09-07,Thu,15:30:00,23.8
11,2017-09-07,Thu,16:00:00,19.0
11,2017-09-07,Thu,16:30:00,19.0
11,2017-09-07,Thu,17:00:00,14.3
11,2017-09-07,Thu,17:30:00,9.5
11,2017-09-07,Thu,18:00:00,4.8
11,2017-09-07,Thu,18:30:00,0.0
11,2017-09-07,Thu,19:00:00,0.0
11,2017-09-07,Thu,19:30:00,0.0
11,2017-09-07,Thu,20:00:00,0.0
11,2017-09-07,Thu,20:30:00,0.0
11,2017-09-07,Thu,21:00:00,0.0
11,2017-09-07,Thu,21:30:00,0.0
11,2017-09-07,Thu,22:00:00,0.0
11,2017-09-07,Thu,22:30:00,0.0
11,2017-09-07,Thu,23:00:00,0.0
11,2017-09-07,Thu,23:30:00,0.0
11,2017-09-08,Fri,00:00:00,0.0
11,2017-09-08,Fri,00:30:00,0.0
11,2017-09-08,Fri,01:00:00,0.0
11,2017-09-08,Fri,01:30:00,0.0
11,2017-09-08,Fri,02:00:00,0.0
11,2017-09-08,Fri,02:30:00,0.0
11,2017-09-08,Fri,03:00:00,0.0
11,2017-09-08,Fri,03:30:00,0.0
11,2017-09-08,Fri,04:00:00,0.0
11,2017-09-08,Fri,04:30:00,0.0
11,2017-09-08,Fri,05:00:00,0.0
11,2017-09-08,Fri,05:30:00,0.0
11,2017-09-08,Fri,06:00:00,0.0
11,2017-09-08,Fri,06:30:00,0.0
11,2017-09-08,Fri,07:00:00,0.0
11,2017-09-08,Fri,07:30:00,9.5
11,2017-09-08,Fri,08:00:00,23.8
11,2017-09-08,Fri,08:30:00,23.8
11,2017-09-08,Fri,09:00:00,23.8
11,2017-09-08,Fri,09:30:00,23.8
11,2017-09-08,Fri,10:00:00,28.6
11,2017-09-08,Fri,10:30:00,23.8
11,2017-09-08,Fri,11:00:00,23.8
11,2017-09-08,Fri,11:30:00,23.8
11,2017-09-08,Fri,12:00:00,23.8
11,2017-09-08,Fri,12:30:00,4.8
11,2017-09-08,Fri,13:00:00,4.8
11,2017-09-08,Fri,13:30:00,0.0
11,2017-09-08,Fri,14:00:00,0.0
11,2017-09-08,Fri,14:30:00,0.0
11,2017-09-08,Fri,15:00:00,0.0
11,2017-09-08,Fri,15:30:00,0.0
11,2017-09-08,Fri,16:00:00,0.0
11,2017-09-08,Fri,16:30:00,0.0
11,2017-09-08,Fri,17:00:00,0.0
11,2017-09-08,Fri,17:30:00,0.0
11,2017-09-08,Fri,18:00:00,0.0
11,2017-09-08,Fri,18:30:00,0.0
11,2017-09-08,Fri,19:00:00,0.0
11,2017-09-08,Fri,19:30:00,0.0
11,2017-09-08,Fri,20:00:00,0.0
11,2017-09-08,Fri,20:30:00,0.0
11,2017-09-08,Fri,21:00:00,0.0
11,2017-09-08,Fri,21:30:00,0.0
11,2017-09-08,Fri,22:00:00,0.0
11,2017-09-08,Fri,22:30:00,0.0
11,2017-09-08,Fri,23:00:00,0.0
11,2017-09-08,Fri,23:30:00,0.0
11,2017-09-09,Sat,00:00:00,0.0
11,2017-09-09,Sat,00:30:00,0.0
11,2017-09-09,Sat,01:00:00,0.0
11,2017-09-09,Sat,01:30:00,0.0
11,2017-09-09,Sat,02:00:00,0.0
11,2017-09-09,Sat,02:30:00,0.0
11,2017-09-09,Sat,03:00:00,0.0
11,2017-09-09,Sat,03:30:00,0.0
11,2017-09-09,Sat,04:00:00,0.0
11,2017-09-09,Sat,04:30:00,0.0
11,2017-09-09,Sat,05:00:00,0.0
11,2017-09-09,Sat,05:30:00,0.0
11,2017-09-09,Sat,06:00:00,0.0
11,2017-09-09,Sat,06:30:00,0.0
11,2017-09-09,Sat,07:00:00,0.0
11,2017-09-09,Sat,07:30:00,0.0
11,2017-09-09,Sat,08:00:00,0.0
11,2017-09-09,Sat,08:30:00,0.0
11,2017-09-09,Sat,09:00:00,0.0
11,2017-09-09,Sat,09:30:00,0.0
11,2017-09-09,Sat,10:00:00,0.0
11,2017-09-09,Sat,10:30:00,0.0
11,2017-09-09,Sat,11:00:00,0.0
11,2017-09-09,Sat,11:30:00,0.0
11,2017-09-09,Sat,12:00:00,0.0
11,2017-09-09,Sat,12:30:00,0.0
11,2017-09-09,Sat,13:00:00,0.0
11,2017-09-09,Sat,13:30:00,0.0
11,2017-09-09,Sat,14:00:00,0.0
11,2017-09-09,Sat,14:30:00,0.0
11,2017-09-09,Sat,15:00:00,0.0
11,2017-09-09,Sat,15:30:00,0.0
11,2017-09-09,Sat,16:00:00,0.0
11,2017-09-09,Sat,16:30:00,0.0
11,2017-09-09,Sat,17:00:00,0.0
11,2017-09-09,Sat,17:30:00,0.0
11,2017-09-09,Sat,18:00:00,0.0
11,2017-09-09,Sat,18:30:00,0.0
11,2017-09-09,Sat,19:00:00,0.0
11,2017-09-09,Sat,19:30:00,0.0
11,2017-09-09,Sat,20:00:00,0.0
11,2017-09-09,Sat,20:30:00,0.0
11,2017-09-09,Sat,21:00:00,0.0
11,2017-09-09,Sat,21:30:00,0.0
11,2017-09-09,Sat,22:00:00,0.0
11,2017-09-09,Sat,22:30:00,0.0
11,2017-09-09,Sat,23:00:00,0.0
11,2017-09-09,Sat,23:30:00,0.0
11,2017-09-10,Sun,00:00:00,0.0
11,2017-09-10,Sun,00:30:00,0.0
11,2017-09-10,Sun,01:00:00,0.0
11,2017-09-10,Sun,01:30:00,0.0
11,2017-09-10,Sun,02:00:00,0.0
11,2017-09-10,Sun,02:30:00,0.0
11,2017-09-10,Sun,03:00:00,0.0
11,2017-09-10,Sun,03:30:00,0.0
11,2017-09-10,Sun,04:00:00,0.0
11,2017-09-10,Sun,04:30:00,0.0
11,2017-09-10,Sun,05:00:00,0.0
11,2017-09-10,Sun,05:30:00,0.0
11,2017-09-10,Sun,06:00:00,0.0
11,2017-09-10,Sun,06:30:00,0.0
11,2017-09-10,Sun,07:00:00,0.0
11,2017-09-10,Sun,07:30:00,0.0
11,2017-09-10,Sun,08:00:00,4.8
11,2017-09-10,Sun,08:30:00,4.8
11,2017-09-10,Sun,09:00:00,0.0
11,2017-09-10,Sun,09:30:00,0.0
11,2017-09-10,Sun,10:00:00,4.8
11,2017-09-10,Sun,10:30:00,4.8
11,2017-09-10,Sun,11:00:00,4.8
11,2017-09-10,Sun,11:30:00,0.0
11,2017-09-10,Sun,12:00:00,0.0
11,2017-09-10,Sun,12:30:00,0.0
11,2017-09-10,Sun,13:00:00,0.0
11,2017-09-10,Sun,13:30:00,0.0
11,2017-09-10,Sun,14:00:00,0.0
11,2017-09-10,Sun,14:30:00,0.0
11,2017-09-10,Sun,15:00:00,0.0
11,2017-09-10,Sun,15:30:00,0.0
11,2017-09-10,Sun,16:00:00,0.0
11,2017-09-10,Sun,16:30:00,0.0
11,2017-09-10,Sun,17:00:00,0.0
11,2017-09-10,Sun,17:30:00,0.0
11,2017-09-10,Sun,18:00:00,0.0
11,2017-09-10,Sun,18:30:00,0.0
11,2017-09-10,Sun,19:00:00,0.0
11,2017-09-10,Sun,19:30:00,0.0
11,2017-09-10,Sun,20:00:00,0.0
11,2017-09-10,Sun,20:30:00,0.0
11,2017-09-10,Sun,21:00:00,0.0
11,2017-09-10,Sun,21:30:00,0.0
11,2017-09-10,Sun,22:00:00,0.0
11,2017-09-10,Sun,22:30:00,0.0
11,2017-09-10,Sun,23:00:00,0.0
11,2017-09-10,Sun,23:30:00,0.0
11,2017-09-11,Mon,00:00:00,0.0
11,2017-09-11,Mon,00:30:00,0.0
11,2017-09-11,Mon,01:00:00,0.0
11,2017-09-11,Mon,01:30:00,0.0
11,2017-09-11,Mon,02:00:00,0.0
11,2017-09-11,Mon,02:30:00,0.0
11,2017-09-11,Mon,03:00:00,0.0
11,2017-09-11,Mon,03:30:00,0.0
11,2017-09-11,Mon,04:00:00,0.0
11,2017-09-11,Mon,04:30:00,0.0
11,2017-09-11,Mon,05:00:00,0.0
11,2017-09-11,Mon,05:30:00,0.0
11,2017-09-11,Mon,06:00:00,0.0
11,2017-09-11,Mon,06:30:00,0.0
11,2017-09-11,Mon,07:00:00,0.0
11,2017-09-11,Mon,07:30:00,4.8
11,2017-09-11,Mon,08:00:00,28.6
11,2017-09-11,Mon,08:30:00,28.6
11,2017-09-11,Mon,09:00:00,28.6
11,2017-09-11,Mon,09:30:00,38.1
11,2017-09-11,Mon,10:00:00,52.4
11,2017-09-11,Mon,10:30:00,52.4
11,2017-09-11,Mon,11:00:00,47.6
11,2017-09-11,Mon,11:30:00,47.6
11,2017-09-11,Mon,12:00:00,38.1
11,2017-09-11,Mon,12:30:00,38.1
11,2017-09-11,Mon,13:00:00,28.6
11,2017-09-11,Mon,13:30:00,19.0
11,2017-09-11,Mon,14:00:00,19.0
11,2017-09-11,Mon,14:30:00,14.3
11,2017-09-11,Mon,15:00:00,14.3
11,2017-09-11,Mon,15:30:00,4.8
11,2017-09-11,Mon,16:00:00,4.8
11,2017-09-11,Mon,16:30:00,4.8
11,2017-09-11,Mon,17:00:00,0.0
11,2017-09-11,Mon,17:30:00,0.0
11,2017-09-11,Mon,18:00:00,0.0
11,2017-09-11,Mon,18:30:00,0.0
11,2017-09-11,Mon,19:00:00,0.0
11,2017-09-11,Mon,19:30:00,0.0
11,2017-09-11,Mon,20:00:00,0.0
11,2017-09-11,Mon,20:30:00,0.0
11,2017-09-11,Mon,21:00:00,0.0
11,2017-09-11,Mon,21:30:00,0.0
11,2017-09-11,Mon,22:00:00,0.0
11,2017-09-11,Mon,22:30:00,0.0
11,2017-09-11,Mon,23:00:00,0.0
11,2017-09-11,Mon,23:30:00,0.0
11,2017-09-12,Tue,00:00:00,0.0
11,2017-09-12,Tue,00:30:00,0.0
11,2017-09-12,Tue,01:00:00,0.0
11,2017-09-12,Tue,01:30:00,0.0
11,2017-09-12,Tue,02:00:00,0.0
11,2017-09-12,Tue,02:30:00,0.0
11,2017-09-12,Tue,03:00:00,0.0
11,2017-09-12,Tue,03:30:00,0.0
11,2017-09-12,Tue,04:00:00,0.0
11,2017-09-12,Tue,04:30:00,0.0
11,2017-09-12,Tue,05:00:00,0.0
11,2017-09-12,Tue,05:30:00,0.0
11,2017-09-12,Tue,06:00:00,0.0
11,2017-09-12,Tue,06:30:00,0.0
11,2017-09-12,Tue,07:00:00,0.0
11,2017-09-12,Tue,07:30:00,9.5
11,2017-09-12,Tue,08:00:00,23.8
11,2017-09-12,Tue,08:30:00,23.8
11,2017-09-12,Tue,09:00:00,23.8
11,2017-09-12,Tue,09:30:00,33.3
11,2017-09-12,Tue,10:00:00,38.1
11,2017-09-12,Tue,10:30:00,33.3
11,2017-09-12,Tue,11:00:00,28.6
11,2017-09-12,Tue,11:30:00,23.8
11,2017-09-12,Tue,12:00:00,9.5
11,2017-09-12,Tue,12:30:00,9.5
11,2017-09-12,Tue,13:00:00,9.5
11,2017-09-12,Tue,13:30:00,9.5
11,2017-09-12,Tue,14:00:00,19.0
11,2017-09-12,Tue,14:30:00,19.0
11,2017-09-12,Tue,15:00:00,19.0
11,2017-09-12,Tue,15:30:00,23.8
11,2017-09-12,Tue,16:00:00,23.8
11,2017-09-12,Tue,16:30:00,23.8
11,2017-09-12,Tue,17:00:00,19.0
11,2017-09-12,Tue,17:30:00,19.0
11,2017-09-12,Tue,18:00:00,23.8
11,2017-09-12,Tue,18:30:00,14.3
11,2017-09-12,Tue,19:00:00,4.8
11,2017-09-12,Tue,19:30:00,4.8
11,2017-09-12,Tue,20:00:00,4.8
11,2017-09-12,Tue,20:30:00,4.8
11,2017-09-12,Tue,21:00:00,0.0
11,2017-09-12,Tue,21:30:00,0.0
11,2017-09-12,Tue,22:00:00,0.0
11,2017-09-12,Tue,22:30:00,0.0
11,2017-09-12,Tue,23:00:00,0.0
11,2017-09-12,Tue,23:30:00,0.0
11,2017-09-13,Wed,00:00:00,0.0
11,2017-09-13,Wed,00:30:00,0.0
11,2017-09-13,Wed,01:00:00,0.0
11,2017-09-13,Wed,01:30:00,0.0
11,2017-09-13,Wed,02:00:00,0.0
11,2017-09-13,Wed,02:30:00,0.0
11,2017-09-13,Wed,03:00:00,0.0
11,2017-09-13,Wed,03:30:00,0.0
11,2017-09-13,Wed,04:00:00,0.0
11,2017-09-13,Wed,04:30:00,0.0
11,2017-09-13,Wed,05:00:00,0.0
11,2017-09-13,Wed,05:30:00,0.0
11,2017-09-13,Wed,06:00:00,0.0
11,2017-09-13,Wed,06:30:00,0.0
11,2017-09-13,Wed,07:00:00,0.0
11,2017-09-13,Wed,07:30:00,9.5
11,2017-09-13,Wed,08:00:00,28.6
11,2017-09-13,Wed,08:30:00,23.8
11,2017-09-13,Wed,09:00:00,23.8
11,2017-09-13,Wed,09:30:00,42.9
11,2017-09-13,Wed,10:00:00,52.4
11,2017-09-13,Wed,10:30:00,42.9
11,2017-09-13,Wed,11:00:00,42.9
11,2017-09-13,Wed,11:30:00,42.9
11,2017-09-13,Wed,12:00:00,42.9
11,2017-09-13,Wed,12:30:00,33.3
11,2017-09-13,Wed,13:00:00,23.8
11,2017-09-13,Wed,13:30:00,14.3
11,2017-09-13,Wed,14:00:00,19.0
11,2017-09-13,Wed,14:30:00,19.0
11,2017-09-13,Wed,15:00:00,14.3
11,2017-09-13,Wed,15:30:00,9.5
11,2017-09-13,Wed,16:00:00,9.5
11,2017-09-13,Wed,16:30:00,9.5
11,2017-09-13,Wed,17:00:00,9.5
11,2017-09-13,Wed,17:30:00,4.8
11,2017-09-13,Wed,18:00:00,4.8
11,2017-09-13,Wed,18:30:00,4.8
11,2017-09-13,Wed,19:00:00,4.8
11,2017-09-13,Wed,19:30:00,4.8
11,2017-09-13,Wed,20:00:00,0.0
11,2017-09-13,Wed,20:30:00,0.0
11,2017-09-13,Wed,21:00:00,0.0
11,2017-09-13,Wed,21:30:00,0.0
11,2017-09-13,Wed,22:00:00,0.0
11,2017-09-13,Wed,22:30:00,0.0
11,2017-09-13,Wed,23:00:00,0.0
11,2017-09-13,Wed,23:30:00,0.0
11,2017-09-14,Thu,00:00:00,0.0
11,2017-09-14,Thu,00:30:00,0.0
11,2017-09-14,Thu,01:00:00,0.0
11,2017-09-14,Thu,01:30:00,0.0
11,2017-09-14,Thu,02:00:00,0.0
11,2017-09-14,Thu,02:30:00,0.0
11,2017-09-14,Thu,03:00:00,0.0
11,2017-09-14,Thu,03:30:00,0.0
11,2017-09-14,Thu,04:00:00,0.0
11,2017-09-14,Thu,04:30:00,0.0
11,2017-09-14,Thu,05:00:00,0.0
11,2017-09-14,Thu,05:30:00,0.0
11,2017-09-14,Thu,06:00:00,0.0
11,2017-09-14,Thu,06:30:00,0.0
11,2017-09-14,Thu,07:00:00,0.0
11,2017-09-14,Thu,07:30:00,4.8
11,2017-09-14,Thu,08:00:00,23.8
11,2017-09-14,Thu,08:30:00,19.0
11,2017-09-14,Thu,09:00:00,19.0
11,2017-09-14,Thu,09:30:00,33.3
11,2017-09-14,Thu,10:00:00,28.6
11,2017-09-14,Thu,10:30:00,23.8
11,2017-09-14,Thu,11:00:00,14.3
11,2017-09-14,Thu,11:30:00,23.8
11,2017-09-14,Thu,12:00:00,23.8
11,2017-09-14,Thu,12:30:00,14.3
11,2017-09-14,Thu,13:00:00,14.3
11,2017-09-14,Thu,13:30:00,14.3
11,2017-09-14,Thu,14:00:00,23.8
11,2017-09-14,Thu,14:30:00,23.8
11,2017-09-14,Thu,15:00:00,23.8
11,2017-09-14,Thu,15:30:00,23.8
11,2017-09-14,Thu,16:00:00,23.8
11,2017-09-14,Thu,16:30:00,19.0
11,2017-09-14,Thu,17:00:00,14.3
11,2017-09-14,Thu,17:30:00,14.3
11,2017-09-14,Thu,18:00:00,14.3
11,2017-09-14,Thu,18:30:00,9.5
11,2017-09-14,Thu,19:00:00,4.8
11,2017-09-14,Thu,19:30:00,4.8
11,2017-09-14,Thu,20:00:00,4.8
11,2017-09-14,Thu,20:30:00,4.8
11,2017-09-14,Thu,21:00:00,4.8
11,2017-09-14,Thu,21:30:00,0.0
11,2017-09-14,Thu,22:00:00,0.0
11,2017-09-14,Thu,22:30:00,0.0
11,2017-09-14,Thu,23:00:00,0.0
11,2017-09-14,Thu,23:30:00,0.0
11,2017-09-15,Fri,00:00:00,0.0
11,2017-09-15,Fri,00:30:00,0.0
11,2017-09-15,Fri,01:00:00,0.0
11,2017-09-15,Fri,01:30:00,0.0
11,2017-09-15,Fri,02:00:00,0.0
11,2017-09-15,Fri,02:30:00,0.0
11,2017-09-15,Fri,03:00:00,0.0
11,2017-09-15,Fri,03:30:00,0.0
11,2017-09-15,Fri,04:00:00,0.0
11,2017-09-15,Fri,04:30:00,0.0
11,2017-09-15,Fri,05:00:00,0.0
11,2017-09-15,Fri,05:30:00,0.0
11,2017-09-15,Fri,06:00:00,0.0
11,2017-09-15,Fri,06:30:00,0.0
11,2017-09-15,Fri,07:00:00,0.0
11,2017-09-15,Fri,07:30:00,4.8
11,2017-09-15,Fri,08:00:00,28.6
11,2017-09-15,Fri,08:30:00,28.6
11,2017-09-15,Fri,09:00:00,23.8
11,2017-09-15,Fri,09:30:00,28.6
11,2017-09-15,Fri,10:00:00,28.6
11,2017-09-15,Fri,10:30:00,28.6
11,2017-09-15,Fri,11:00:00,19.0
11,2017-09-15,Fri,11:30:00,14.3
11,2017-09-15,Fri,12:00:00,14.3
11,2017-09-15,Fri,12:30:00,9.5
11,2017-09-15,Fri,13:00:00,9.5
11,2017-09-15,Fri,13:30:00,4.8
11,2017-09-15,Fri,14:00:00,0.0
11,2017-09-15,Fri,14:30:00,0.0
11,2017-09-15,Fri,15:00:00,0.0
11,2017-09-15,Fri,15:30:00,0.0
11,2017-09-15,Fri,16:00:00,0.0
11,2017-09-15,Fri,16:30:00,0.0
11,2017-09-15,Fri,17:00:00,0.0
11,2017-09-15,Fri,17:30:00,0.0
11,2017-09-15,Fri,18:00:00,0.0
11,2017-09-15,Fri,18:30:00,0.0
11,2017-09-15,Fri,19:00:00,0.0
11,2017-09-15,Fri,19:30:00,0.0
11,2017-09-15,Fri,20:00:00,0.0
11,2017-09-15,Fri,20:30:00,0.0
11,2017-09-15,Fri,21:00:00,0.0
11,2017-09-15,Fri,21:30:00,0.0
11,2017-09-15,Fri,22:00:00,0.0
11,2017-09-15,Fri,22:30:00,0.0
11,2017-09-15,Fri,23:00:00,0.0
11,2017-09-15,Fri,23:30:00,0.0
11,2017-09-16,Sat,00:00:00,0.0
11,2017-09-16,Sat,00:30:00,0.0
11,2017-09-16,Sat,01:00:00,0.0
11,2017-09-16,Sat,01:30:00,0.0
11,2017-09-16,Sat,02:00:00,0.0
11,2017-09-16,Sat,02:30:00,0.0
11,2017-09-16,Sat,03:00:00,0.0
11,2017-09-16,Sat,03:30:00,0.0
11,2017-09-16,Sat,04:00:00,0.0
11,2017-09-16,Sat,04:30:00,0.0
11,2017-09-16,Sat,05:00:00,0.0
11,2017-09-16,Sat,05:30:00,0.0
11,2017-09-16,Sat,06:00:00,0.0
11,2017-09-16,Sat,06:30:00,0.0
11,2017-09-16,Sat,07:00:00,0.0
11,2017-09-16,Sat,07:30:00,0.0
11,2017-09-16,Sat,08:00:00,4.8
11,2017-09-16,Sat,08:30:00,4.8
11,2017-09-16,Sat,09:00:00,4.8
11,2017-09-16,Sat,09:30:00,4.8
11,2017-09-16,Sat,10:00:00,4.8
11,2017-09-16,Sat,10:30:00,4.8
11,2017-09-16,Sat,11:00:00,4.8
11,2017-09-16,Sat,11:30:00,4.8
11,2017-09-16,Sat,12:00:00,4.8
11,2017-09-16,Sat,12:30:00,4.8
11,2017-09-16,Sat,13:00:00,0.0
11,2017-09-16,Sat,13:30:00,0.0
11,2017-09-16,Sat,14:00:00,0.0
11,2017-09-16,Sat,14:30:00,0.0
11,2017-09-16,Sat,15:00:00,0.0
11,2017-09-16,Sat,15:30:00,0.0
11,2017-09-16,Sat,16:00:00,0.0
11,2017-09-16,Sat,16:30:00,0.0
11,2017-09-16,Sat,17:00:00,0.0
11,2017-09-16,Sat,17:30:00,0.0
11,2017-09-16,Sat,18:00:00,0.0
11,2017-09-16,Sat,18:30:00,0.0
11,2017-09-16,Sat,19:00:00,0.0
11,2017-09-16,Sat,19:30:00,0.0
11,2017-09-16,Sat,20:00:00,0.0
11,2017-09-16,Sat,20:30:00,0.0
11,2017-09-16,Sat,21:00:00,0.0
11,2017-09-16,Sat,21:30:00,0.0
11,2017-09-16,Sat,22:00:00,0.0
11,2017-09-16,Sat,22:30:00,0.0
11,2017-09-16,Sat,23:00:00,0.0
11,2017-09-16,Sat,23:30:00,0.0
11,2017-09-17,Sun,00:00:00,0.0
11,2017-09-17,Sun,00:30:00,0.0
11,2017-09-17,Sun,01:00:00,0.0
11,2017-09-17,Sun,01:30:00,0.0
11,2017-09-17,Sun,02:00:00,0.0
11,2017-09-17,Sun,02:30:00,0.0
11,2017-09-17,Sun,03:00:00,0.0
11,2017-09-17,Sun,03:30:00,0.0
11,2017-09-17,Sun,04:00:00,0.0
11,2017-09-17,Sun,04:30:00,0.0
11,2017-09-17,Sun,05:00:00,0.0
11,2017-09-17,Sun,05:30:00,0.0
11,2017-09-17,Sun,06:00:00,0.0
11,2017-09-17,Sun,06:30:00,0.0
11,2017-09-17,Sun,07:00:00,0.0
11,2017-09-17,Sun,07:30:00,0.0
11,2017-09-17,Sun,08:00:00,4.8
11,2017-09-17,Sun,08:30:00,4.8
11,2017-09-17,Sun,09:00:00,4.8
11,2017-09-17,Sun,09:30:00,4.8
11,2017-09-17,Sun,10:00:00,4.8
11,2017-09-17,Sun,10:30:00,4.8
11,2017-09-17,Sun,11:00:00,4.8
11,2017-09-17,Sun,11:30:00,4.8
11,2017-09-17,Sun,12:00:00,4.8
11,2017-09-17,Sun,12:30:00,4.8
11,2017-09-17,Sun,13:00:00,4.8
11,2017-09-17,Sun,13:30:00,0.0
11,2017-09-17,Sun,14:00:00,0.0
11,2017-09-17,Sun,14:30:00,0.0
11,2017-09-17,Sun,15:00:00,0.0
11,2017-09-17,Sun,15:30:00,0.0
11,2017-09-17,Sun,16:00:00,0.0
11,2017-09-17,Sun,16:30:00,0.0
11,2017-09-17,Sun,17:00:00,0.0
11,2017-09-17,Sun,17:30:00,0.0
11,2017-09-17,Sun,18:00:00,0.0
11,2017-09-17,Sun,18:30:00,0.0
11,2017-09-17,Sun,19:00:00,0.0
11,2017-09-17,Sun,19:30:00,0.0
11,2017-09-17,Sun,20:00:00,0.0
11,2017-09-17,Sun,20:30:00,0.0
11,2017-09-17,Sun,21:00:00,0.0
11,2017-09-17,Sun,21:30:00,0.0
11,2017-09-17,Sun,22:00:00,0.0
11,2017-09-17,Sun,22:30:00,0.0
11,2017-09-17,Sun,23:00:00,0.0
11,2017-09-17,Sun,23:30:00,0.0
11,2017-09-18,Mon,00:00:00,0.0
11,2017-09-18,Mon,00:30:00,0.0
11,2017-09-18,Mon,01:00:00,0.0
11,2017-09-18,Mon,01:30:00,0.0
11,2017-09-18,Mon,02:00:00,0.0
11,2017-09-18,Mon,02:30:00,0.0
11,2017-09-18,Mon,03:00:00,0.0
11,2017-09-18,Mon,03:30:00,0.0
11,2017-09-18,Mon,04:00:00,0.0
11,2017-09-18,Mon,04:30:00,0.0
11,2017-09-18,Mon,05:00:00,0.0
11,2017-09-18,Mon,05:30:00,0.0
11,2017-09-18,Mon,06:00:00,0.0
11,2017-09-18,Mon,06:30:00,0.0
11,2017-09-18,Mon,07:00:00,0.0
11,2017-09-18,Mon,07:30:00,9.5
11,2017-09-18,Mon,08:00:00,33.3
11,2017-09-18,Mon,08:30:00,28.6
11,2017-09-18,Mon,09:00:00,28.6
11,2017-09-18,Mon,09:30:00,42.9
11,2017-09-18,Mon,10:00:00,38.1
11,2017-09-18,Mon,10:30:00,33.3
11,2017-09-18,Mon,11:00:00,28.6
11,2017-09-18,Mon,11:30:00,28.6
11,2017-09-18,Mon,12:00:00,23.8
11,2017-09-18,Mon,12:30:00,14.3
11,2017-09-18,Mon,13:00:00,4.8
11,2017-09-18,Mon,13:30:00,4.8
11,2017-09-18,Mon,14:00:00,0.0
11,2017-09-18,Mon,14:30:00,0.0
11,2017-09-18,Mon,15:00:00,0.0
11,2017-09-18,Mon,15:30:00,0.0
11,2017-09-18,Mon,16:00:00,0.0
11,2017-09-18,Mon,16:30:00,0.0
11,2017-09-18,Mon,17:00:00,0.0
11,2017-09-18,Mon,17:30:00,0.0
11,2017-09-18,Mon,18:00:00,0.0
11,2017-09-18,Mon,18:30:00,0.0
11,2017-09-18,Mon,19:00:00,0.0
11,2017-09-18,Mon,19:30:00,0.0
11,2017-09-18,Mon,20:00:00,0.0
11,2017-09-18,Mon,20:30:00,0.0
11,2017-09-18,Mon,21:00:00,0.0
11,2017-09-18,Mon,21:30:00,0.0
11,2017-09-18,Mon,22:00:00,0.0
11,2017-09-18,Mon,22:30:00,0.0
11,2017-09-18,Mon,23:00:00,0.0
11,2017-09-18,Mon,23:30:00,0.0
11,2017-09-19,Tue,00:00:00,0.0
11,2017-09-19,Tue,00:30:00,0.0
11,2017-09-19,Tue,01:00:00,0.0
11,2017-09-19,Tue,01:30:00,0.0
11,2017-09-19,Tue,02:00:00,0.0
11,2017-09-19,Tue,02:30:00,0.0
11,2017-09-19,Tue,03:00:00,0.0
11,2017-09-19,Tue,03:30:00,0.0
11,2017-09-19,Tue,04:00:00,0.0
11,2017-09-19,Tue,04:30:00,0.0
11,2017-09-19,Tue,05:00:00,0.0
11,2017-09-19,Tue,05:30:00,0.0
11,2017-09-19,Tue,06:00:00,0.0
11,2017-09-19,Tue,06:30:00,0.0
11,2017-09-19,Tue,07:00:00,0.0
11,2017-09-19,Tue,07:30:00,4.8
11,2017-09-19,Tue,08:00:00,23.8
11,2017-09-19,Tue,08:30:00,23.8
11,2017-09-19,Tue,09:00:00,23.8
11,2017-09-19,Tue,09:30:00,33.3
11,2017-09-19,Tue,10:00:00,33.3
11,2017-09-19,Tue,10:30:00,28.6
11,2017-09-19,Tue,11:00:00,23.8
11,2017-09-19,Tue,11:30:00,23.8
11,2017-09-19,Tue,12:00:00,9.5
11,2017-09-19,Tue,12:30:00,4.8
11,2017-09-19,Tue,13:00:00,4.8
11,2017-09-19,Tue,13:30:00,0.0
11,2017-09-19,Tue,14:00:00,23.8
11,2017-09-19,Tue,14:30:00,23.8
11,2017-09-19,Tue,15:00:00,19.0
11,2017-09-19,Tue,15:30:00,19.0
11,2017-09-19,Tue,16:00:00,23.8
11,2017-09-19,Tue,16:30:00,23.8
11,2017-09-19,Tue,17:00:00,23.8
11,2017-09-19,Tue,17:30:00,19.0
11,2017-09-19,Tue,18:00:00,19.0
11,2017-09-19,Tue,18:30:00,14.3
11,2017-09-19,Tue,19:00:00,9.5
11,2017-09-19,Tue,19:30:00,4.8
11,2017-09-19,Tue,20:00:00,4.8
11,2017-09-19,Tue,20:30:00,4.8
11,2017-09-19,Tue,21:00:00,4.8
11,2017-09-19,Tue,21:30:00,4.8
11,2017-09-19,Tue,22:00:00,0.0
11,2017-09-19,Tue,22:30:00,0.0
11,2017-09-19,Tue,23:00:00,0.0
11,2017-09-19,Tue,23:30:00,0.0
11,2017-09-20,Wed,00:00:00,0.0
11,2017-09-20,Wed,00:30:00,0.0
11,2017-09-20,Wed,01:00:00,0.0
11,2017-09-20,Wed,01:30:00,0.0
11,2017-09-20,Wed,02:00:00,0.0
11,2017-09-20,Wed,02:30:00,0.0
11,2017-09-20,Wed,03:00:00,0.0
11,2017-09-20,Wed,03:30:00,0.0
11,2017-09-20,Wed,04:00:00,0.0
11,2017-09-20,Wed,04:30:00,0.0
11,2017-09-20,Wed,05:00:00,0.0
11,2017-09-20,Wed,05:30:00,0.0
11,2017-09-20,Wed,06:00:00,0.0
11,2017-09-20,Wed,06:30:00,0.0
11,2017-09-20,Wed,07:00:00,0.0
11,2017-09-20,Wed,07:30:00,4.8
11,2017-09-20,Wed,08:00:00,19.0
11,2017-09-20,Wed,08:30:00,19.0
11,2017-09-20,Wed,09:00:00,19.0
11,2017-09-20,Wed,09:30:00,33.3
11,2017-09-20,Wed,10:00:00,23.8
11,2017-09-20,Wed,10:30:00,23.8
11,2017-09-20,Wed,11:00:00,19.0
11,2017-09-20,Wed,11:30:00,28.6
11,2017-09-20,Wed,12:00:00,28.6
11,2017-09-20,Wed,12:30:00,19.0
11,2017-09-20,Wed,13:00:00,14.3
11,2017-09-20,Wed,13:30:00,14.3
11,2017-09-20,Wed,14:00:00,14.3
11,2017-09-20,Wed,14:30:00,14.3
11,2017-09-20,Wed,15:00:00,9.5
11,2017-09-20,Wed,15:30:00,0.0
11,2017-09-20,Wed,16:00:00,0.0
11,2017-09-20,Wed,16:30:00,0.0
11,2017-09-20,Wed,17:00:00,0.0
11,2017-09-20,Wed,17:30:00,0.0
11,2017-09-20,Wed,18:00:00,0.0
11,2017-09-20,Wed,18:30:00,0.0
11,2017-09-20,Wed,19:00:00,0.0
11,2017-09-20,Wed,19:30:00,0.0
11,2017-09-20,Wed,20:00:00,0.0
11,2017-09-20,Wed,20:30:00,0.0
11,2017-09-20,Wed,21:00:00,0.0
11,2017-09-20,Wed,21:30:00,0.0
11,2017-09-20,Wed,22:00:00,0.0
11,2017-09-20,Wed,22:30:00,0.0
11,2017-09-20,Wed,23:00:00,0.0
11,2017-09-20,Wed,23:30:00,0.0
11,2017-09-21,Thu,00:00:00,0.0
11,2017-09-21,Thu,00:30:00,0.0
11,2017-09-21,Thu,01:00:00,0.0
11,2017-09-21,Thu,01:30:00,0.0
11,2017-09-21,Thu,02:00:00,0.0
11,2017-09-21,Thu,02:30:00,0.0
11,2017-09-21,Thu,03:00:00,0.0
11,2017-09-21,Thu,03:30:00,0.0
11,2017-09-21,Thu,04:00:00,0.0
11,2017-09-21,Thu,04:30:00,0.0
11,2017-09-21,Thu,05:00:00,0.0
11,2017-09-21,Thu,05:30:00,0.0
11,2017-09-21,Thu,06:00:00,0.0
11,2017-09-21,Thu,06:30:00,0.0
11,2017-09-21,Thu,07:00:00,0.0
11,2017-09-21,Thu,07:30:00,4.8
11,2017-09-21,Thu,08:00:00,23.8
11,2017-09-21,Thu,08:30:00,23.8
11,2017-09-21,Thu,09:00:00,14.3
11,2017-09-21,Thu,09:30:00,23.8
11,2017-09-21,Thu,10:00:00,28.6
11,2017-09-21,Thu,10:30:00,28.6
11,2017-09-21,Thu,11:00:00,14.3
11,2017-09-21,Thu,11:30:00,23.8
11,2017-09-21,Thu,12:00:00,23.8
11,2017-09-21,Thu,12:30:00,19.0
11,2017-09-21,Thu,13:00:00,9.5
11,2017-09-21,Thu,13:30:00,4.8
11,2017-09-21,Thu,14:00:00,19.0
11,2017-09-21,Thu,14:30:00,19.0
11,2017-09-21,Thu,15:00:00,14.3
11,2017-09-21,Thu,15:30:00,23.8
11,2017-09-21,Thu,16:00:00,23.8
11,2017-09-21,Thu,16:30:00,19.0
11,2017-09-21,Thu,17:00:00,19.0
11,2017-09-21,Thu,17:30:00,14.3
11,2017-09-21,Thu,18:00:00,14.3
11,2017-09-21,Thu,18:30:00,9.5
11,2017-09-21,Thu,19:00:00,9.5
11,2017-09-21,Thu,19:30:00,9.5
11,2017-09-21,Thu,20:00:00,4.8
11,2017-09-21,Thu,20:30:00,4.8
11,2017-09-21,Thu,21:00:00,0.0
11,2017-09-21,Thu,21:30:00,0.0
11,2017-09-21,Thu,22:00:00,0.0
11,2017-09-21,Thu,22:30:00,0.0
11,2017-09-21,Thu,23:00:00,0.0
11,2017-09-21,Thu,23:30:00,0.0
11,2017-09-22,Fri,00:00:00,0.0
11,2017-09-22,Fri,00:30:00,0.0
11,2017-09-22,Fri,01:00:00,0.0
11,2017-09-22,Fri,01:30:00,0.0
11,2017-09-22,Fri,02:00:00,0.0
11,2017-09-22,Fri,02:30:00,0.0
11,2017-09-22,Fri,03:00:00,0.0
11,2017-09-22,Fri,03:30:00,0.0
11,2017-09-22,Fri,04:00:00,0.0
11,2017-09-22,Fri,04:30:00,0.0
11,2017-09-22,Fri,05:00:00,0.0
11,2017-09-22,Fri,05:30:00,0.0
11,2017-09-22,Fri,06:00:00,0.0
11,2017-09-22,Fri,06:30:00,0.0
11,2017-09-22,Fri,07:00:00,0.0
11,2017-09-22,Fri,07:30:00,4.8
11,2017-09-22,Fri,08:00:00,9.5
11,2017-09-22,Fri,08:30:00,9.5
11,2017-09-22,Fri,09:00:00,9.5
11,2017-09-22,Fri,09:30:00,23.8
11,2017-09-22,Fri,10:00:00,19.0
11,2017-09-22,Fri,10:30:00,14.3
11,2017-09-22,Fri,11:00:00,14.3
11,2017-09-22,Fri,11:30:00,14.3
11,2017-09-22,Fri,12:00:00,14.3
11,2017-09-22,Fri,12:30:00,9.5
11,2017-09-22,Fri,13:00:00,4.8
11,2017-09-22,Fri,13:30:00,4.8
11,2017-09-22,Fri,14:00:00,4.8
11,2017-09-22,Fri,14:30:00,0.0
11,2017-09-22,Fri,15:00:00,0.0
11,2017-09-22,Fri,15:30:00,0.0
11,2017-09-22,Fri,16:00:00,0.0
11,2017-09-22,Fri,16:30:00,0.0
11,2017-09-22,Fri,17:00:00,0.0
11,2017-09-22,Fri,17:30:00,0.0
11,2017-09-22,Fri,18:00:00,0.0
11,2017-09-22,Fri,18:30:00,0.0
11,2017-09-22,Fri,19:00:00,0.0
11,2017-09-22,Fri,19:30:00,0.0
11,2017-09-22,Fri,20:00:00,0.0
11,2017-09-22,Fri,20:30:00,0.0
11,2017-09-22,Fri,21:00:00,0.0
11,2017-09-22,Fri,21:30:00,0.0
11,2017-09-22,Fri,22:00:00,0.0
11,2017-09-22,Fri,22:30:00,0.0
11,2017-09-22,Fri,23:00:00,0.0
11,2017-09-22,Fri,23:30:00,0.0
11,2017-09-23,Sat,00:00:00,0.0
11,2017-09-23,Sat,00:30:00,0.0
11,2017-09-23,Sat,01:00:00,0.0
11,2017-09-23,Sat,01:30:00,0.0
11,2017-09-23,Sat,02:00:00,0.0
11,2017-09-23,Sat,02:30:00,0.0
11,2017-09-23,Sat,03:00:00,0.0
11,2017-09-23,Sat,03:30:00,0.0
11,2017-09-23,Sat,04:00:00,0.0
11,2017-09-23,Sat,04:30:00,0.0
11,2017-09-23,Sat,05:00:00,0.0
11,2017-09-23,Sat,05:30:00,0.0
11,2017-09-23,Sat,06:00:00,0.0
11,2017-09-23,Sat,06:30:00,0.0
11,2017-09-23,Sat,07:00:00,0.0
11,2017-09-23,Sat,07:30:00,0.0
11,2017-09-23,Sat,08:00:00,0.0
11,2017-09-23,Sat,08:30:00,0.0
11,2017-09-23,Sat,09:00:00,0.0
11,2017-09-23,Sat,09:30:00,0.0
11,2017-09-23,Sat,10:00:00,0.0
11,2017-09-23,Sat,10:30:00,0.0
11,2017-09-23,Sat,11:00:00,0.0
11,2017-09-23,Sat,11:30:00,0.0
11,2017-09-23,Sat,12:00:00,0.0
11,2017-09-23,Sat,12:30:00,0.0
11,2017-09-23,Sat,13:00:00,0.0
11,2017-09-23,Sat,13:30:00,0.0
11,2017-09-23,Sat,14:00:00,0.0
11,2017-09-23,Sat,14:30:00,0.0
11,2017-09-23,Sat,15:00:00,0.0
11,2017-09-23,Sat,15:30:00,0.0
11,2017-09-23,Sat,16:00:00,0.0
11,2017-09-23,Sat,16:30:00,0.0
11,2017-09-23,Sat,17:00:00,0.0
11,2017-09-23,Sat,17:30:00,0.0
11,2017-09-23,Sat,18:00:00,0.0
11,2017-09-23,Sat,18:30:00,0.0
11,2017-09-23,Sat,19:00:00,0.0
11,2017-09-23,Sat,19:30:00,0.0
11,2017-09-23,Sat,20:00:00,0.0
11,2017-09-23,Sat,20:30:00,0.0
11,2017-09-23,Sat,21:00:00,0.0
11,2017-09-23,Sat,21:30:00,0.0
11,2017-09-23,Sat,22:00:00,0.0
11,2017-09-23,Sat,22:30:00,0.0
11,2017-09-23,Sat,23:00:00,0.0
11,2017-09-23,Sat,23:30:00,0.0
11,2017-09-24,Sun,00:00:00,0.0
11,2017-09-24,Sun,00:30:00,0.0
11,2017-09-24,Sun,01:00:00,0.0
11,2017-09-24,Sun,01:30:00,0.0
11,2017-09-24,Sun,02:00:00,0.0
11,2017-09-24,Sun,02:30:00,0.0
11,2017-09-24,Sun,03:00:00,0.0
11,2017-09-24,Sun,03:30:00,0.0
11,2017-09-24,Sun,04:00:00,0.0
11,2017-09-24,Sun,04:30:00,0.0
11,2017-09-24,Sun,05:00:00,0.0
11,2017-09-24,Sun,05:30:00,0.0
11,2017-09-24,Sun,06:00:00,0.0
11,2017-09-24,Sun,06:30:00,0.0
11,2017-09-24,Sun,07:00:00,0.0
11,2017-09-24,Sun,07:30:00,0.0
11,2017-09-24,Sun,08:00:00,9.5
11,2017-09-24,Sun,08:30:00,9.5
11,2017-09-24,Sun,09:00:00,4.8
11,2017-09-24,Sun,09:30:00,4.8
11,2017-09-24,Sun,10:00:00,14.3
11,2017-09-24,Sun,10:30:00,14.3
11,2017-09-24,Sun,11:00:00,14.3
11,2017-09-24,Sun,11:30:00,14.3
11,2017-09-24,Sun,12:00:00,14.3
11,2017-09-24,Sun,12:30:00,14.3
11,2017-09-24,Sun,13:00:00,14.3
11,2017-09-24,Sun,13:30:00,4.8
11,2017-09-24,Sun,14:00:00,4.8
11,2017-09-24,Sun,14:30:00,4.8
11,2017-09-24,Sun,15:00:00,0.0
11,2017-09-24,Sun,15:30:00,0.0
11,2017-09-24,Sun,16:00:00,0.0
11,2017-09-24,Sun,16:30:00,0.0
11,2017-09-24,Sun,17:00:00,0.0
11,2017-09-24,Sun,17:30:00,0.0
11,2017-09-24,Sun,18:00:00,0.0
11,2017-09-24,Sun,18:30:00,0.0
11,2017-09-24,Sun,19:00:00,0.0
11,2017-09-24,Sun,19:30:00,0.0
11,2017-09-24,Sun,20:00:00,0.0
11,2017-09-24,Sun,20:30:00,0.0
11,2017-09-24,Sun,21:00:00,0.0
11,2017-09-24,Sun,21:30:00,0.0
11,2017-09-24,Sun,22:00:00,0.0
11,2017-09-24,Sun,22:30:00,0.0
11,2017-09-24,Sun,23:00:00,0.0
11,2017-09-24,Sun,23:30:00,0.0
11,2017-09-25,Mon,00:00:00,0.0
11,2017-09-25,Mon,00:30:00,0.0
11,2017-09-25,Mon,01:00:00,0.0
11,2017-09-25,Mon,01:30:00,0.0
11,2017-09-25,Mon,02:00:00,0.0
11,2017-09-25,Mon,02:30:00,0.0
11,2017-09-25,Mon,03:00:00,0.0
11,2017-09-25,Mon,03:30:00,0.0
11,2017-09-25,Mon,04:00:00,0.0
11,2017-09-25,Mon,04:30:00,0.0
11,2017-09-25,Mon,05:00:00,0.0
11,2017-09-25,Mon,05:30:00,0.0
11,2017-09-25,Mon,06:00:00,0.0
11,2017-09-25,Mon,06:30:00,0.0
11,2017-09-25,Mon,07:00:00,0.0
11,2017-09-25,Mon,07:30:00,19.0
11,2017-09-25,Mon,08:00:00,38.1
11,2017-09-25,Mon,08:30:00,38.1
11,2017-09-25,Mon,09:00:00,33.3
11,2017-09-25,Mon,09:30:00,28.6
11,2017-09-25,Mon,10:00:00,23.8
11,2017-09-25,Mon,10:30:00,23.8
11,2017-09-25,Mon,11:00:00,19.0
11,2017-09-25,Mon,11:30:00,19.0
11,2017-09-25,Mon,12:00:00,19.0
11,2017-09-25,Mon,12:30:00,19.0
11,2017-09-25,Mon,13:00:00,14.3
11,2017-09-25,Mon,13:30:00,14.3
11,2017-09-25,Mon,14:00:00,9.5
11,2017-09-25,Mon,14:30:00,4.8
11,2017-09-25,Mon,15:00:00,4.8
11,2017-09-25,Mon,15:30:00,4.8
11,2017-09-25,Mon,16:00:00,4.8
11,2017-09-25,Mon,16:30:00,4.8
11,2017-09-25,Mon,17:00:00,4.8
11,2017-09-25,Mon,17:30:00,4.8
11,2017-09-25,Mon,18:00:00,4.8
11,2017-09-25,Mon,18:30:00,4.8
11,2017-09-25,Mon,19:00:00,0.0
11,2017-09-25,Mon,19:30:00,0.0
11,2017-09-25,Mon,20:00:00,0.0
11,2017-09-25,Mon,20:30:00,0.0
11,2017-09-25,Mon,21:00:00,0.0
11,2017-09-25,Mon,21:30:00,0.0
11,2017-09-25,Mon,22:00:00,0.0
11,2017-09-25,Mon,22:30:00,0.0
11,2017-09-25,Mon,23:00:00,0.0
11,2017-09-25,Mon,23:30:00,0.0
11,2017-09-26,Tue,00:00:00,0.0
11,2017-09-26,Tue,00:30:00,0.0
11,2017-09-26,Tue,01:00:00,0.0
11,2017-09-26,Tue,01:30:00,0.0
11,2017-09-26,Tue,02:00:00,0.0
11,2017-09-26,Tue,02:30:00,0.0
11,2017-09-26,Tue,03:00:00,0.0
11,2017-09-26,Tue,03:30:00,0.0
11,2017-09-26,Tue,04:00:00,0.0
11,2017-09-26,Tue,04:30:00,0.0
11,2017-09-26,Tue,05:00:00,0.0
11,2017-09-26,Tue,05:30:00,0.0
11,2017-09-26,Tue,06:00:00,0.0
11,2017-09-26,Tue,06:30:00,0.0
11,2017-09-26,Tue,07:00:00,0.0
11,2017-09-26,Tue,07:30:00,9.5
11,2017-09-26,Tue,08:00:00,23.8
11,2017-09-26,Tue,08:30:00,23.8
11,2017-09-26,Tue,09:00:00,19.0
11,2017-09-26,Tue,09:30:00,23.8
11,2017-09-26,Tue,10:00:00,33.3
11,2017-09-26,Tue,10:30:00,33.3
11,2017-09-26,Tue,11:00:00,28.6
11,2017-09-26,Tue,11:30:00,28.6
11,2017-09-26,Tue,12:00:00,23.8
11,2017-09-26,Tue,12:30:00,19.0
11,2017-09-26,Tue,13:00:00,14.3
11,2017-09-26,Tue,13:30:00,14.3
11,2017-09-26,Tue,14:00:00,33.3
11,2017-09-26,Tue,14:30:00,23.8
11,2017-09-26,Tue,15:00:00,23.8
11,2017-09-26,Tue,15:30:00,19.0
11,2017-09-26,Tue,16:00:00,19.0
11,2017-09-26,Tue,16:30:00,14.3
11,2017-09-26,Tue,17:00:00,14.3
11,2017-09-26,Tue,17:30:00,9.5
11,2017-09-26,Tue,18:00:00,9.5
11,2017-09-26,Tue,18:30:00,4.8
11,2017-09-26,Tue,19:00:00,4.8
11,2017-09-26,Tue,19:30:00,4.8
11,2017-09-26,Tue,20:00:00,0.0
11,2017-09-26,Tue,20:30:00,0.0
11,2017-09-26,Tue,21:00:00,0.0
11,2017-09-26,Tue,21:30:00,0.0
11,2017-09-26,Tue,22:00:00,0.0
11,2017-09-26,Tue,22:30:00,0.0
11,2017-09-26,Tue,23:00:00,0.0
11,2017-09-26,Tue,23:30:00,0.0
11,2017-09-27,Wed,00:00:00,0.0
11,2017-09-27,Wed,00:30:00,0.0
11,2017-09-27,Wed,01:00:00,0.0
11,2017-09-27,Wed,01:30:00,0.0
11,2017-09-27,Wed,02:00:00,0.0
11,2017-09-27,Wed,02:30:00,0.0
11,2017-09-27,Wed,03:00:00,0.0
11,2017-09-27,Wed,03:30:00,0.0
11,2017-09-27,Wed,04:00:00,0.0
11,2017-09-27,Wed,04:30:00,0.0
11,2017-09-27,Wed,05:00:00,0.0
11,2017-09-27,Wed,05:30:00,0.0
11,2017-09-27,Wed,06:00:00,0.0
11,2017-09-27,Wed,06:30:00,0.0
11,2017-09-27,Wed,07:00:00,0.0
11,2017-09-27,Wed,07:30:00,19.0
11,2017-09-27,Wed,08:00:00,33.3
11,2017-09-27,Wed,08:30:00,23.8
11,2017-09-27,Wed,09:00:00,23.8
11,2017-09-27,Wed,09:30:00,33.3
11,2017-09-27,Wed,10:00:00,38.1
11,2017-09-27,Wed,10:30:00,33.3
11,2017-09-27,Wed,11:00:00,33.3
11,2017-09-27,Wed,11:30:00,28.6
11,2017-09-27,Wed,12:00:00,33.3
11,2017-09-27,Wed,12:30:00,28.6
11,2017-09-27,Wed,13:00:00,19.0
11,2017-09-27,Wed,13:30:00,14.3
11,2017-09-27,Wed,14:00:00,9.5
11,2017-09-27,Wed,14:30:00,4.8
11,2017-09-27,Wed,15:00:00,4.8
11,2017-09-27,Wed,15:30:00,0.0
11,2017-09-27,Wed,16:00:00,0.0
11,2017-09-27,Wed,16:30:00,0.0
11,2017-09-27,Wed,17:00:00,0.0
11,2017-09-27,Wed,17:30:00,0.0
11,2017-09-27,Wed,18:00:00,0.0
11,2017-09-27,Wed,18:30:00,0.0
11,2017-09-27,Wed,19:00:00,0.0
11,2017-09-27,Wed,19:30:00,0.0
11,2017-09-27,Wed,20:00:00,0.0
11,2017-09-27,Wed,20:30:00,0.0
11,2017-09-27,Wed,21:00:00,0.0
11,2017-09-27,Wed,21:30:00,0.0
11,2017-09-27,Wed,22:00:00,0.0
11,2017-09-27,Wed,22:30:00,0.0
11,2017-09-27,Wed,23:00:00,0.0
11,2017-09-27,Wed,23:30:00,0.0
11,2017-09-28,Thu,00:00:00,0.0
11,2017-09-28,Thu,00:30:00,0.0
11,2017-09-28,Thu,01:00:00,0.0
11,2017-09-28,Thu,01:30:00,0.0
11,2017-09-28,Thu,02:00:00,0.0
11,2017-09-28,Thu,02:30:00,0.0
11,2017-09-28,Thu,03:00:00,0.0
11,2017-09-28,Thu,03:30:00,0.0
11,2017-09-28,Thu,04:00:00,0.0
11,2017-09-28,Thu,04:30:00,0.0
11,2017-09-28,Thu,05:00:00,0.0
11,2017-09-28,Thu,05:30:00,0.0
11,2017-09-28,Thu,06:00:00,0.0
11,2017-09-28,Thu,06:30:00,0.0
11,2017-09-28,Thu,07:00:00,0.0
11,2017-09-28,Thu,07:30:00,9.5
11,2017-09-28,Thu,08:00:00,23.8
11,2017-09-28,Thu,08:30:00,23.8
11,2017-09-28,Thu,09:00:00,23.8
11,2017-09-28,Thu,09:30:00,33.3
11,2017-09-28,Thu,10:00:00,38.1
11,2017-09-28,Thu,10:30:00,38.1
11,2017-09-28,Thu,11:00:00,38.1
11,2017-09-28,Thu,11:30:00,42.9
11,2017-09-28,Thu,12:00:00,33.3
11,2017-09-28,Thu,12:30:00,19.0
11,2017-09-28,Thu,13:00:00,19.0
11,2017-09-28,Thu,13:30:00,4.8
11,2017-09-28,Thu,14:00:00,28.6
11,2017-09-28,Thu,14:30:00,28.6
11,2017-09-28,Thu,15:00:00,28.6
11,2017-09-28,Thu,15:30:00,23.8
11,2017-09-28,Thu,16:00:00,19.0
11,2017-09-28,Thu,16:30:00,19.0
11,2017-09-28,Thu,17:00:00,14.3
11,2017-09-28,Thu,17:30:00,4.8
11,2017-09-28,Thu,18:00:00,0.0
11,2017-09-28,Thu,18:30:00,0.0
11,2017-09-28,Thu,19:00:00,0.0
11,2017-09-28,Thu,19:30:00,0.0
11,2017-09-28,Thu,20:00:00,0.0
11,2017-09-28,Thu,20:30:00,0.0
11,2017-09-28,Thu,21:00:00,0.0
11,2017-09-28,Thu,21:30:00,0.0
11,2017-09-28,Thu,22:00:00,0.0
11,2017-09-28,Thu,22:30:00,0.0
11,2017-09-28,Thu,23:00:00,0.0
11,2017-09-28,Thu,23:30:00,0.0
11,2017-09-29,Fri,00:00:00,0.0
11,2017-09-29,Fri,00:30:00,0.0
11,2017-09-29,Fri,01:00:00,0.0
11,2017-09-29,Fri,01:30:00,0.0
11,2017-09-29,Fri,02:00:00,0.0
11,2017-09-29,Fri,02:30:00,0.0
11,2017-09-29,Fri,03:00:00,0.0
11,2017-09-29,Fri,03:30:00,0.0
11,2017-09-29,Fri,04:00:00,0.0
11,2017-09-29,Fri,04:30:00,0.0
11,2017-09-29,Fri,05:00:00,0.0
11,2017-09-29,Fri,05:30:00,0.0
11,2017-09-29,Fri,06:00:00,0.0
11,2017-09-29,Fri,06:30:00,0.0
11,2017-09-29,Fri,07:00:00,0.0
11,2017-09-29,Fri,07:30:00,4.8
11,2017-09-29,Fri,08:00:00,19.0
11,2017-09-29,Fri,08:30:00,14.3
11,2017-09-29,Fri,09:00:00,14.3
11,2017-09-29,Fri,09:30:00,14.3
11,2017-09-29,Fri,10:00:00,14.3
11,2017-09-29,Fri,10:30:00,14.3
11,2017-09-29,Fri,11:00:00,4.8
11,2017-09-29,Fri,11:30:00,9.5
11,2017-09-29,Fri,12:00:00,4.8
11,2017-09-29,Fri,12:30:00,4.8
11,2017-09-29,Fri,13:00:00,4.8
11,2017-09-29,Fri,13:30:00,4.8
11,2017-09-29,Fri,14:00:00,4.8
11,2017-09-29,Fri,14:30:00,4.8
11,2017-09-29,Fri,15:00:00,4.8
11,2017-09-29,Fri,15:30:00,4.8
11,2017-09-29,Fri,16:00:00,4.8
11,2017-09-29,Fri,16:30:00,0.0
11,2017-09-29,Fri,17:00:00,0.0
11,2017-09-29,Fri,17:30:00,4.8
11,2017-09-29,Fri,18:00:00,4.8
11,2017-09-29,Fri,18:30:00,4.8
11,2017-09-29,Fri,19:00:00,4.8
11,2017-09-29,Fri,19:30:00,4.8
11,2017-09-29,Fri,20:00:00,4.8
11,2017-09-29,Fri,20:30:00,0.0
11,2017-09-29,Fri,21:00:00,0.0
11,2017-09-29,Fri,21:30:00,0.0
11,2017-09-29,Fri,22:00:00,0.0
11,2017-09-29,Fri,22:30:00,0.0
11,2017-09-29,Fri,23:00:00,0.0
11,2017-09-29,Fri,23:30:00,0.0
11,2017-09-30,Sat,00:00:00,0.0
11,2017-09-30,Sat,00:30:00,0.0
11,2017-09-30,Sat,01:00:00,0.0
11,2017-09-30,Sat,01:30:00,0.0
11,2017-09-30,Sat,02:00:00,0.0
11,2017-09-30,Sat,02:30:00,0.0
11,2017-09-30,Sat,03:00:00,0.0
11,2017-09-30,Sat,03:30:00,0.0
11,2017-09-30,Sat,04:00:00,0.0
11,2017-09-30,Sat,04:30:00,0.0
11,2017-09-30,Sat,05:00:00,0.0
11,2017-09-30,Sat,05:30:00,0.0
11,2017-09-30,Sat,06:00:00,0.0
11,2017-09-30,Sat,06:30:00,0.0
11,2017-09-30,Sat,07:00:00,0.0
11,2017-09-30,Sat,07:30:00,0.0
11,2017-09-30,Sat,08:00:00,0.0
11,2017-09-30,Sat,08:30:00,0.0
11,2017-09-30,Sat,09:00:00,0.0
11,2017-09-30,Sat,09:30:00,0.0
11,2017-09-30,Sat,10:00:00,0.0
11,2017-09-30,Sat,10:30:00,0.0
11,2017-09-30,Sat,11:00:00,0.0
11,2017-09-30,Sat,11:30:00,0.0
11,2017-09-30,Sat,12:00:00,0.0
11,2017-09-30,Sat,12:30:00,0.0
11,2017-09-30,Sat,13:00:00,0.0
11,2017-09-30,Sat,13:30:00,0.0
11,2017-09-30,Sat,14:00:00,0.0
11,2017-09-30,Sat,14:30:00,0.0
11,2017-09-30,Sat,15:00:00,0.0
11,2017-09-30,Sat,15:30:00,0.0
11,2017-09-30,Sat,16:00:00,0.0
11,2017-09-30,Sat,16:30:00,0.0
11,2017-09-30,Sat,17:00:00,0.0
11,2017-09-30,Sat,17:30:00,0.0
11,2017-09-30,Sat,18:00:00,0.0
11,2017-09-30,Sat,18:30:00,0.0
11,2017-09-30,Sat,19:00:00,0.0
11,2017-09-30,Sat,19:30:00,4.8
11,2017-09-30,Sat,20:00:00,0.0
11,2017-09-30,Sat,20:30:00,0.0
11,2017-09-30,Sat,21:00:00,0.0
11,2017-09-30,Sat,21:30:00,0.0
11,2017-09-30,Sat,22:00:00,0.0
11,2017-09-30,Sat,22:30:00,0.0
11,2017-09-30,Sat,23:00:00,0.0
11,2017-09-30,Sat,23:30:00,0.0
11,2017-10-01,Sun,00:00:00,0.0
11,2017-10-01,Sun,00:30:00,0.0
11,2017-10-01,Sun,01:00:00,0.0
11,2017-10-01,Sun,01:30:00,0.0
11,2017-10-01,Sun,02:00:00,0.0
11,2017-10-01,Sun,02:30:00,0.0
11,2017-10-01,Sun,03:00:00,0.0
11,2017-10-01,Sun,03:30:00,0.0
11,2017-10-01,Sun,04:00:00,0.0
11,2017-10-01,Sun,04:30:00,0.0
11,2017-10-01,Sun,05:00:00,0.0
11,2017-10-01,Sun,05:30:00,0.0
11,2017-10-01,Sun,06:00:00,0.0
11,2017-10-01,Sun,06:30:00,0.0
11,2017-10-01,Sun,07:00:00,0.0
11,2017-10-01,Sun,07:30:00,0.0
11,2017-10-01,Sun,08:00:00,0.0
11,2017-10-01,Sun,08:30:00,0.0
11,2017-10-01,Sun,09:00:00,0.0
11,2017-10-01,Sun,09:30:00,0.0
11,2017-10-01,Sun,10:00:00,0.0
11,2017-10-01,Sun,10:30:00,0.0
11,2017-10-01,Sun,11:00:00,0.0
11,2017-10-01,Sun,11:30:00,0.0
11,2017-10-01,Sun,12:00:00,0.0
11,2017-10-01,Sun,12:30:00,0.0
11,2017-10-01,Sun,13:00:00,0.0
11,2017-10-01,Sun,13:30:00,0.0
11,2017-10-01,Sun,14:00:00,0.0
11,2017-10-01,Sun,14:30:00,0.0
11,2017-10-01,Sun,15:00:00,0.0
11,2017-10-01,Sun,15:30:00,0.0
11,2017-10-01,Sun,16:00:00,0.0
11,2017-10-01,Sun,16:30:00,0.0
11,2017-10-01,Sun,17:00:00,0.0
11,2017-10-01,Sun,17:30:00,0.0
11,2017-10-01,Sun,18:00:00,0.0
11,2017-10-01,Sun,18:30:00,0.0
11,2017-10-01,Sun,19:00:00,0.0
11,2017-10-01,Sun,19:30:00,0.0
11,2017-10-01,Sun,20:00:00,0.0
11,2017-10-01,Sun,20:30:00,0.0
11,2017-10-01,Sun,21:00:00,0.0
11,2017-10-01,Sun,21:30:00,0.0
11,2017-10-01,Sun,22:00:00,0.0
11,2017-10-01,Sun,22:30:00,0.0
11,2017-10-01,Sun,23:00:00,0.0
11,2017-10-01,Sun,23:30:00,0.0
11,2017-10-02,Mon,00:00:00,0.0
11,2017-10-02,Mon,00:30:00,0.0
11,2017-10-02,Mon,01:00:00,0.0
11,2017-10-02,Mon,01:30:00,0.0
11,2017-10-02,Mon,02:00:00,0.0
11,2017-10-02,Mon,02:30:00,0.0
11,2017-10-02,Mon,03:00:00,0.0
11,2017-10-02,Mon,03:30:00,0.0
11,2017-10-02,Mon,04:00:00,0.0
11,2017-10-02,Mon,04:30:00,0.0
11,2017-10-02,Mon,05:00:00,0.0
11,2017-10-02,Mon,05:30:00,0.0
11,2017-10-02,Mon,06:00:00,0.0
11,2017-10-02,Mon,06:30:00,0.0
11,2017-10-02,Mon,07:00:00,0.0
11,2017-10-02,Mon,07:30:00,19.0
11,2017-10-02,Mon,08:00:00,23.8
11,2017-10-02,Mon,08:30:00,23.8
11,2017-10-02,Mon,09:00:00,19.0
11,2017-10-02,Mon,09:30:00,23.8
11,2017-10-02,Mon,10:00:00,33.3
11,2017-10-02,Mon,10:30:00,28.6
11,2017-10-02,Mon,11:00:00,23.8
11,2017-10-02,Mon,11:30:00,23.8
11,2017-10-02,Mon,12:00:00,19.0
11,2017-10-02,Mon,12:30:00,14.3
11,2017-10-02,Mon,13:00:00,14.3
11,2017-10-02,Mon,13:30:00,9.5
11,2017-10-02,Mon,14:00:00,9.5
11,2017-10-02,Mon,14:30:00,4.8
11,2017-10-02,Mon,15:00:00,0.0
11,2017-10-02,Mon,15:30:00,0.0
11,2017-10-02,Mon,16:00:00,0.0
11,2017-10-02,Mon,16:30:00,0.0
11,2017-10-02,Mon,17:00:00,0.0
11,2017-10-02,Mon,17:30:00,0.0
11,2017-10-02,Mon,18:00:00,0.0
11,2017-10-02,Mon,18:30:00,0.0
11,2017-10-02,Mon,19:00:00,0.0
11,2017-10-02,Mon,19:30:00,0.0
11,2017-10-02,Mon,20:00:00,0.0
11,2017-10-02,Mon,20:30:00,0.0
11,2017-10-02,Mon,21:00:00,0.0
11,2017-10-02,Mon,21:30:00,0.0
11,2017-10-02,Mon,22:00:00,0.0
11,2017-10-02,Mon,22:30:00,0.0
11,2017-10-02,Mon,23:00:00,0.0
11,2017-10-02,Mon,23:30:00,0.0
11,2017-10-03,Tue,00:00:00,0.0
11,2017-10-03,Tue,00:30:00,0.0
11,2017-10-03,Tue,01:00:00,0.0
11,2017-10-03,Tue,01:30:00,0.0
11,2017-10-03,Tue,02:00:00,0.0
11,2017-10-03,Tue,02:30:00,0.0
11,2017-10-03,Tue,03:00:00,0.0
11,2017-10-03,Tue,03:30:00,0.0
11,2017-10-03,Tue,04:00:00,0.0
11,2017-10-03,Tue,04:30:00,0.0
11,2017-10-03,Tue,05:00:00,0.0
11,2017-10-03,Tue,05:30:00,0.0
11,2017-10-03,Tue,06:00:00,4.8
11,2017-10-03,Tue,06:30:00,4.8
11,2017-10-03,Tue,07:00:00,0.0
11,2017-10-03,Tue,07:30:00,9.5
11,2017-10-03,Tue,08:00:00,19.0
11,2017-10-03,Tue,08:30:00,14.3
11,2017-10-03,Tue,09:00:00,14.3
11,2017-10-03,Tue,09:30:00,19.0
11,2017-10-03,Tue,10:00:00,23.8
11,2017-10-03,Tue,10:30:00,23.8
11,2017-10-03,Tue,11:00:00,19.0
11,2017-10-03,Tue,11:30:00,23.8
11,2017-10-03,Tue,12:00:00,14.3
11,2017-10-03,Tue,12:30:00,14.3
11,2017-10-03,Tue,13:00:00,4.8
11,2017-10-03,Tue,13:30:00,4.8
11,2017-10-03,Tue,14:00:00,23.8
11,2017-10-03,Tue,14:30:00,23.8
11,2017-10-03,Tue,15:00:00,23.8
11,2017-10-03,Tue,15:30:00,19.0
11,2017-10-03,Tue,16:00:00,28.6
11,2017-10-03,Tue,16:30:00,28.6
11,2017-10-03,Tue,17:00:00,23.8
11,2017-10-03,Tue,17:30:00,23.8
11,2017-10-03,Tue,18:00:00,14.3
11,2017-10-03,Tue,18:30:00,14.3
11,2017-10-03,Tue,19:00:00,14.3
11,2017-10-03,Tue,19:30:00,14.3
11,2017-10-03,Tue,20:00:00,9.5
11,2017-10-03,Tue,20:30:00,9.5
11,2017-10-03,Tue,21:00:00,9.5
11,2017-10-03,Tue,21:30:00,4.8
11,2017-10-03,Tue,22:00:00,0.0
11,2017-10-03,Tue,22:30:00,0.0
11,2017-10-03,Tue,23:00:00,0.0
11,2017-10-03,Tue,23:30:00,0.0
11,2017-10-04,Wed,00:00:00,0.0
11,2017-10-04,Wed,00:30:00,0.0
11,2017-10-04,Wed,01:00:00,0.0
11,2017-10-04,Wed,01:30:00,0.0
11,2017-10-04,Wed,02:00:00,0.0
11,2017-10-04,Wed,02:30:00,0.0
11,2017-10-04,Wed,03:00:00,0.0
11,2017-10-04,Wed,03:30:00,0.0
11,2017-10-04,Wed,04:00:00,0.0
11,2017-10-04,Wed,04:30:00,0.0
11,2017-10-04,Wed,05:00:00,0.0
11,2017-10-04,Wed,05:30:00,0.0
11,2017-10-04,Wed,06:00:00,0.0
11,2017-10-04,Wed,06:30:00,0.0
11,2017-10-04,Wed,07:00:00,0.0
11,2017-10-04,Wed,07:30:00,14.3
11,2017-10-04,Wed,08:00:00,38.1
11,2017-10-04,Wed,08:30:00,33.3
11,2017-10-04,Wed,09:00:00,28.6
11,2017-10-04,Wed,09:30:00,38.1
11,2017-10-04,Wed,10:00:00,33.3
11,2017-10-04,Wed,10:30:00,33.3
11,2017-10-04,Wed,11:00:00,28.6
11,2017-10-04,Wed,11:30:00,33.3
11,2017-10-04,Wed,12:00:00,33.3
11,2017-10-04,Wed,12:30:00,28.6
11,2017-10-04,Wed,13:00:00,23.8
11,2017-10-04,Wed,13:30:00,4.8
11,2017-10-04,Wed,14:00:00,4.8
11,2017-10-04,Wed,14:30:00,0.0
11,2017-10-04,Wed,15:00:00,0.0
11,2017-10-04,Wed,15:30:00,0.0
11,2017-10-04,Wed,16:00:00,0.0
11,2017-10-04,Wed,16:30:00,0.0
11,2017-10-04,Wed,17:00:00,0.0
11,2017-10-04,Wed,17:30:00,0.0
11,2017-10-04,Wed,18:00:00,0.0
11,2017-10-04,Wed,18:30:00,0.0
11,2017-10-04,Wed,19:00:00,0.0
11,2017-10-04,Wed,19:30:00,0.0
11,2017-10-04,Wed,20:00:00,0.0
11,2017-10-04,Wed,20:30:00,0.0
11,2017-10-04,Wed,21:00:00,0.0
11,2017-10-04,Wed,21:30:00,0.0
11,2017-10-04,Wed,22:00:00,0.0
11,2017-10-04,Wed,22:30:00,0.0
11,2017-10-04,Wed,23:00:00,0.0
11,2017-10-04,Wed,23:30:00,0.0
11,2017-10-05,Thu,00:00:00,0.0
11,2017-10-05,Thu,00:30:00,0.0
11,2017-10-05,Thu,01:00:00,0.0
11,2017-10-05,Thu,01:30:00,0.0
11,2017-10-05,Thu,02:00:00,0.0
11,2017-10-05,Thu,02:30:00,0.0
11,2017-10-05,Thu,03:00:00,0.0
11,2017-10-05,Thu,03:30:00,0.0
11,2017-10-05,Thu,04:00:00,0.0
11,2017-10-05,Thu,04:30:00,0.0
11,2017-10-05,Thu,05:00:00,0.0
11,2017-10-05,Thu,05:30:00,0.0
11,2017-10-05,Thu,06:00:00,9.5
11,2017-10-05,Thu,06:30:00,9.5
11,2017-10-05,Thu,07:00:00,9.5
11,2017-10-05,Thu,07:30:00,4.8
11,2017-10-05,Thu,08:00:00,4.8
11,2017-10-05,Thu,08:30:00,4.8
11,2017-10-05,Thu,09:00:00,4.8
11,2017-10-05,Thu,09:30:00,14.3
11,2017-10-05,Thu,10:00:00,23.8
11,2017-10-05,Thu,10:30:00,14.3
11,2017-10-05,Thu,11:00:00,9.5
11,2017-10-05,Thu,11:30:00,19.0
11,2017-10-05,Thu,12:00:00,14.3
11,2017-10-05,Thu,12:30:00,14.3
11,2017-10-05,Thu,13:00:00,14.3
11,2017-10-05,Thu,13:30:00,4.8
11,2017-10-05,Thu,14:00:00,28.6
11,2017-10-05,Thu,14:30:00,28.6
11,2017-10-05,Thu,15:00:00,23.8
11,2017-10-05,Thu,15:30:00,23.8
11,2017-10-05,Thu,16:00:00,33.3
11,2017-10-05,Thu,16:30:00,28.6
11,2017-10-05,Thu,17:00:00,28.6
11,2017-10-05,Thu,17:30:00,28.6
11,2017-10-05,Thu,18:00:00,19.0
11,2017-10-05,Thu,18:30:00,9.5
11,2017-10-05,Thu,19:00:00,4.8
11,2017-10-05,Thu,19:30:00,0.0
11,2017-10-05,Thu,20:00:00,0.0
11,2017-10-05,Thu,20:30:00,0.0
11,2017-10-05,Thu,21:00:00,0.0
11,2017-10-05,Thu,21:30:00,0.0
11,2017-10-05,Thu,22:00:00,0.0
11,2017-10-05,Thu,22:30:00,0.0
11,2017-10-05,Thu,23:00:00,0.0
11,2017-10-05,Thu,23:30:00,0.0
11,2017-10-06,Fri,00:00:00,0.0
11,2017-10-06,Fri,00:30:00,0.0
11,2017-10-06,Fri,01:00:00,0.0
11,2017-10-06,Fri,01:30:00,0.0
11,2017-10-06,Fri,02:00:00,0.0
11,2017-10-06,Fri,02:30:00,0.0
11,2017-10-06,Fri,03:00:00,0.0
11,2017-10-06,Fri,03:30:00,0.0
11,2017-10-06,Fri,04:00:00,0.0
11,2017-10-06,Fri,04:30:00,0.0
11,2017-10-06,Fri,05:00:00,0.0
11,2017-10-06,Fri,05:30:00,0.0
11,2017-10-06,Fri,06:00:00,4.8
11,2017-10-06,Fri,06:30:00,4.8
11,2017-10-06,Fri,07:00:00,4.8
11,2017-10-06,Fri,07:30:00,9.5
11,2017-10-06,Fri,08:00:00,19.0
11,2017-10-06,Fri,08:30:00,19.0
11,2017-10-06,Fri,09:00:00,14.3
11,2017-10-06,Fri,09:30:00,14.3
11,2017-10-06,Fri,10:00:00,19.0
11,2017-10-06,Fri,10:30:00,14.3
11,2017-10-06,Fri,11:00:00,14.3
11,2017-10-06,Fri,11:30:00,23.8
11,2017-10-06,Fri,12:00:00,23.8
11,2017-10-06,Fri,12:30:00,23.8
11,2017-10-06,Fri,13:00:00,19.0
11,2017-10-06,Fri,13:30:00,14.3
11,2017-10-06,Fri,14:00:00,4.8
11,2017-10-06,Fri,14:30:00,4.8
11,2017-10-06,Fri,15:00:00,4.8
11,2017-10-06,Fri,15:30:00,0.0
11,2017-10-06,Fri,16:00:00,0.0
11,2017-10-06,Fri,16:30:00,0.0
11,2017-10-06,Fri,17:00:00,0.0
11,2017-10-06,Fri,17:30:00,0.0
11,2017-10-06,Fri,18:00:00,0.0
11,2017-10-06,Fri,18:30:00,0.0
11,2017-10-06,Fri,19:00:00,0.0
11,2017-10-06,Fri,19:30:00,0.0
11,2017-10-06,Fri,20:00:00,0.0
11,2017-10-06,Fri,20:30:00,0.0
11,2017-10-06,Fri,21:00:00,0.0
11,2017-10-06,Fri,21:30:00,0.0
11,2017-10-06,Fri,22:00:00,0.0
11,2017-10-06,Fri,22:30:00,0.0
11,2017-10-06,Fri,23:00:00,0.0
11,2017-10-06,Fri,23:30:00,0.0
11,2017-10-07,Sat,00:00:00,0.0
11,2017-10-07,Sat,00:30:00,0.0
11,2017-10-07,Sat,01:00:00,0.0
11,2017-10-07,Sat,01:30:00,0.0
11,2017-10-07,Sat,02:00:00,0.0
11,2017-10-07,Sat,02:30:00,0.0
11,2017-10-07,Sat,03:00:00,0.0
11,2017-10-07,Sat,03:30:00,0.0
11,2017-10-07,Sat,04:00:00,0.0
11,2017-10-07,Sat,04:30:00,0.0
11,2017-10-07,Sat,05:00:00,0.0
11,2017-10-07,Sat,05:30:00,0.0
11,2017-10-07,Sat,06:00:00,0.0
11,2017-10-07,Sat,06:30:00,0.0
11,2017-10-07,Sat,07:00:00,0.0
11,2017-10-07,Sat,07:30:00,0.0
11,2017-10-07,Sat,08:00:00,0.0
11,2017-10-07,Sat,08:30:00,0.0
11,2017-10-07,Sat,09:00:00,0.0
11,2017-10-07,Sat,09:30:00,0.0
11,2017-10-07,Sat,10:00:00,0.0
11,2017-10-07,Sat,10:30:00,0.0
11,2017-10-07,Sat,11:00:00,0.0
11,2017-10-07,Sat,11:30:00,0.0
11,2017-10-07,Sat,12:00:00,0.0
11,2017-10-07,Sat,12:30:00,0.0
11,2017-10-07,Sat,13:00:00,0.0
11,2017-10-07,Sat,13:30:00,0.0
11,2017-10-07,Sat,14:00:00,0.0
11,2017-10-07,Sat,14:30:00,0.0
11,2017-10-07,Sat,15:00:00,0.0
11,2017-10-07,Sat,15:30:00,0.0
11,2017-10-07,Sat,16:00:00,0.0
11,2017-10-07,Sat,16:30:00,0.0
11,2017-10-07,Sat,17:00:00,0.0
11,2017-10-07,Sat,17:30:00,0.0
11,2017-10-07,Sat,18:00:00,0.0
11,2017-10-07,Sat,18:30:00,0.0
11,2017-10-07,Sat,19:00:00,0.0
11,2017-10-07,Sat,19:30:00,0.0
11,2017-10-07,Sat,20:00:00,0.0
11,2017-10-07,Sat,20:30:00,0.0
11,2017-10-07,Sat,21:00:00,0.0
11,2017-10-07,Sat,21:30:00,0.0
11,2017-10-07,Sat,22:00:00,0.0
11,2017-10-07,Sat,22:30:00,0.0
11,2017-10-07,Sat,23:00:00,0.0
11,2017-10-07,Sat,23:30:00,0.0
11,2017-10-08,Sun,00:00:00,0.0
11,2017-10-08,Sun,00:30:00,0.0
11,2017-10-08,Sun,01:00:00,0.0
11,2017-10-08,Sun,01:30:00,0.0
11,2017-10-08,Sun,02:00:00,0.0
11,2017-10-08,Sun,02:30:00,0.0
11,2017-10-08,Sun,03:00:00,0.0
11,2017-10-08,Sun,03:30:00,0.0
11,2017-10-08,Sun,04:00:00,0.0
11,2017-10-08,Sun,04:30:00,0.0
11,2017-10-08,Sun,05:00:00,0.0
11,2017-10-08,Sun,05:30:00,0.0
11,2017-10-08,Sun,06:00:00,0.0
11,2017-10-08,Sun,06:30:00,0.0
11,2017-10-08,Sun,07:00:00,0.0
11,2017-10-08,Sun,07:30:00,0.0
11,2017-10-08,Sun,08:00:00,0.0
11,2017-10-08,Sun,08:30:00,0.0
11,2017-10-08,Sun,09:00:00,0.0
11,2017-10-08,Sun,09:30:00,4.8
11,2017-10-08,Sun,10:00:00,9.5
11,2017-10-08,Sun,10:30:00,9.5
11,2017-10-08,Sun,11:00:00,9.5
11,2017-10-08,Sun,11:30:00,9.5
11,2017-10-08,Sun,12:00:00,9.5
11,2017-10-08,Sun,12:30:00,9.5
11,2017-10-08,Sun,13:00:00,9.5
11,2017-10-08,Sun,13:30:00,9.5
11,2017-10-08,Sun,14:00:00,9.5
11,2017-10-08,Sun,14:30:00,9.5
11,2017-10-08,Sun,15:00:00,0.0
11,2017-10-08,Sun,15:30:00,0.0
11,2017-10-08,Sun,16:00:00,0.0
11,2017-10-08,Sun,16:30:00,0.0
11,2017-10-08,Sun,17:00:00,0.0
11,2017-10-08,Sun,17:30:00,0.0
11,2017-10-08,Sun,18:00:00,0.0
11,2017-10-08,Sun,18:30:00,0.0
11,2017-10-08,Sun,19:00:00,0.0
11,2017-10-08,Sun,19:30:00,0.0
11,2017-10-08,Sun,20:00:00,0.0
11,2017-10-08,Sun,20:30:00,0.0
11,2017-10-08,Sun,21:00:00,0.0
11,2017-10-08,Sun,21:30:00,0.0
11,2017-10-08,Sun,22:00:00,0.0
11,2017-10-08,Sun,22:30:00,0.0
11,2017-10-08,Sun,23:00:00,0.0
11,2017-10-08,Sun,23:30:00,0.0
11,2017-10-09,Mon,00:00:00,0.0
11,2017-10-09,Mon,00:30:00,0.0
11,2017-10-09,Mon,01:00:00,0.0
11,2017-10-09,Mon,01:30:00,0.0
11,2017-10-09,Mon,02:00:00,0.0
11,2017-10-09,Mon,02:30:00,0.0
11,2017-10-09,Mon,03:00:00,0.0
11,2017-10-09,Mon,03:30:00,0.0
11,2017-10-09,Mon,04:00:00,0.0
11,2017-10-09,Mon,04:30:00,0.0
11,2017-10-09,Mon,05:00:00,0.0
11,2017-10-09,Mon,05:30:00,0.0
11,2017-10-09,Mon,06:00:00,0.0
11,2017-10-09,Mon,06:30:00,0.0
11,2017-10-09,Mon,07:00:00,0.0
11,2017-10-09,Mon,07:30:00,0.0
11,2017-10-09,Mon,08:00:00,19.0
11,2017-10-09,Mon,08:30:00,19.0
11,2017-10-09,Mon,09:00:00,14.3
11,2017-10-09,Mon,09:30:00,28.6
11,2017-10-09,Mon,10:00:00,42.9
11,2017-10-09,Mon,10:30:00,38.1
11,2017-10-09,Mon,11:00:00,38.1
11,2017-10-09,Mon,11:30:00,33.3
11,2017-10-09,Mon,12:00:00,33.3
11,2017-10-09,Mon,12:30:00,28.6
11,2017-10-09,Mon,13:00:00,28.6
11,2017-10-09,Mon,13:30:00,23.8
11,2017-10-09,Mon,14:00:00,23.8
11,2017-10-09,Mon,14:30:00,14.3
11,2017-10-09,Mon,15:00:00,9.5
11,2017-10-09,Mon,15:30:00,9.5
11,2017-10-09,Mon,16:00:00,9.5
11,2017-10-09,Mon,16:30:00,0.0
11,2017-10-09,Mon,17:00:00,0.0
11,2017-10-09,Mon,17:30:00,0.0
11,2017-10-09,Mon,18:00:00,0.0
11,2017-10-09,Mon,18:30:00,0.0
11,2017-10-09,Mon,19:00:00,0.0
11,2017-10-09,Mon,19:30:00,0.0
11,2017-10-09,Mon,20:00:00,0.0
11,2017-10-09,Mon,20:30:00,0.0
11,2017-10-09,Mon,21:00:00,0.0
11,2017-10-09,Mon,21:30:00,0.0
11,2017-10-09,Mon,22:00:00,0.0
11,2017-10-09,Mon,22:30:00,0.0
11,2017-10-09,Mon,23:00:00,0.0
11,2017-10-09,Mon,23:30:00,0.0
11,2017-10-10,Tue,00:00:00,0.0
11,2017-10-10,Tue,00:30:00,0.0
11,2017-10-10,Tue,01:00:00,0.0
11,2017-10-10,Tue,01:30:00,0.0
11,2017-10-10,Tue,02:00:00,0.0
11,2017-10-10,Tue,02:30:00,0.0
11,2017-10-10,Tue,03:00:00,0.0
11,2017-10-10,Tue,03:30:00,0.0
11,2017-10-10,Tue,04:00:00,0.0
11,2017-10-10,Tue,04:30:00,0.0
11,2017-10-10,Tue,05:00:00,0.0
11,2017-10-10,Tue,05:30:00,0.0
11,2017-10-10,Tue,06:00:00,0.0
11,2017-10-10,Tue,06:30:00,0.0
11,2017-10-10,Tue,07:00:00,0.0
11,2017-10-10,Tue,07:30:00,9.5
11,2017-10-10,Tue,08:00:00,19.0
11,2017-10-10,Tue,08:30:00,14.3
11,2017-10-10,Tue,09:00:00,14.3
11,2017-10-10,Tue,09:30:00,14.3
11,2017-10-10,Tue,10:00:00,33.3
11,2017-10-10,Tue,10:30:00,28.6
11,2017-10-10,Tue,11:00:00,14.3
11,2017-10-10,Tue,11:30:00,23.8
11,2017-10-10,Tue,12:00:00,19.0
11,2017-10-10,Tue,12:30:00,19.0
11,2017-10-10,Tue,13:00:00,19.0
11,2017-10-10,Tue,13:30:00,19.0
11,2017-10-10,Tue,14:00:00,33.3
11,2017-10-10,Tue,14:30:00,23.8
11,2017-10-10,Tue,15:00:00,23.8
11,2017-10-10,Tue,15:30:00,28.6
11,2017-10-10,Tue,16:00:00,23.8
11,2017-10-10,Tue,16:30:00,19.0
11,2017-10-10,Tue,17:00:00,14.3
11,2017-10-10,Tue,17:30:00,14.3
11,2017-10-10,Tue,18:00:00,14.3
11,2017-10-10,Tue,18:30:00,14.3
11,2017-10-10,Tue,19:00:00,14.3
11,2017-10-10,Tue,19:30:00,4.8
11,2017-10-10,Tue,20:00:00,4.8
11,2017-10-10,Tue,20:30:00,4.8
11,2017-10-10,Tue,21:00:00,4.8
11,2017-10-10,Tue,21:30:00,4.8
11,2017-10-10,Tue,22:00:00,4.8
11,2017-10-10,Tue,22:30:00,0.0
11,2017-10-10,Tue,23:00:00,0.0
11,2017-10-10,Tue,23:30:00,0.0
11,2017-10-11,Wed,00:00:00,0.0
11,2017-10-11,Wed,00:30:00,0.0
11,2017-10-11,Wed,01:00:00,0.0
11,2017-10-11,Wed,01:30:00,0.0
11,2017-10-11,Wed,02:00:00,0.0
11,2017-10-11,Wed,02:30:00,0.0
11,2017-10-11,Wed,03:00:00,0.0
11,2017-10-11,Wed,03:30:00,0.0
11,2017-10-11,Wed,04:00:00,0.0
11,2017-10-11,Wed,04:30:00,0.0
11,2017-10-11,Wed,05:00:00,0.0
11,2017-10-11,Wed,05:30:00,0.0
11,2017-10-11,Wed,06:00:00,4.8
11,2017-10-11,Wed,06:30:00,0.0
11,2017-10-11,Wed,07:00:00,0.0
11,2017-10-11,Wed,07:30:00,23.8
11,2017-10-11,Wed,08:00:00,33.3
11,2017-10-11,Wed,08:30:00,23.8
11,2017-10-11,Wed,09:00:00,19.0
11,2017-10-11,Wed,09:30:00,23.8
11,2017-10-11,Wed,10:00:00,28.6
11,2017-10-11,Wed,10:30:00,28.6
11,2017-10-11,Wed,11:00:00,28.6
11,2017-10-11,Wed,11:30:00,23.8
11,2017-10-11,Wed,12:00:00,19.0
11,2017-10-11,Wed,12:30:00,14.3
11,2017-10-11,Wed,13:00:00,14.3
11,2017-10-11,Wed,13:30:00,14.3
11,2017-10-11,Wed,14:00:00,4.8
11,2017-10-11,Wed,14:30:00,4.8
11,2017-10-11,Wed,15:00:00,0.0
11,2017-10-11,Wed,15:30:00,0.0
11,2017-10-11,Wed,16:00:00,0.0
11,2017-10-11,Wed,16:30:00,0.0
11,2017-10-11,Wed,17:00:00,0.0
11,2017-10-11,Wed,17:30:00,0.0
11,2017-10-11,Wed,18:00:00,0.0
11,2017-10-11,Wed,18:30:00,0.0
11,2017-10-11,Wed,19:00:00,0.0
11,2017-10-11,Wed,19:30:00,0.0
11,2017-10-11,Wed,20:00:00,0.0
11,2017-10-11,Wed,20:30:00,0.0
11,2017-10-11,Wed,21:00:00,0.0
11,2017-10-11,Wed,21:30:00,0.0
11,2017-10-11,Wed,22:00:00,0.0
11,2017-10-11,Wed,22:30:00,0.0
11,2017-10-11,Wed,23:00:00,0.0
11,2017-10-11,Wed,23:30:00,0.0
11,2017-10-12,Thu,00:00:00,0.0
11,2017-10-12,Thu,00:30:00,0.0
11,2017-10-12,Thu,01:00:00,0.0
11,2017-10-12,Thu,01:30:00,0.0
11,2017-10-12,Thu,02:00:00,0.0
11,2017-10-12,Thu,02:30:00,0.0
11,2017-10-12,Thu,03:00:00,0.0
11,2017-10-12,Thu,03:30:00,0.0
11,2017-10-12,Thu,04:00:00,0.0
11,2017-10-12,Thu,04:30:00,0.0
11,2017-10-12,Thu,05:00:00,0.0
11,2017-10-12,Thu,05:30:00,0.0
11,2017-10-12,Thu,06:00:00,0.0
11,2017-10-12,Thu,06:30:00,0.0
11,2017-10-12,Thu,07:00:00,0.0
11,2017-10-12,Thu,07:30:00,14.3
11,2017-10-12,Thu,08:00:00,19.0
11,2017-10-12,Thu,08:30:00,14.3
11,2017-10-12,Thu,09:00:00,14.3
11,2017-10-12,Thu,09:30:00,33.3
11,2017-10-12,Thu,10:00:00,38.1
11,2017-10-12,Thu,10:30:00,33.3
11,2017-10-12,Thu,11:00:00,28.6
11,2017-10-12,Thu,11:30:00,28.6
11,2017-10-12,Thu,12:00:00,23.8
11,2017-10-12,Thu,12:30:00,23.8
11,2017-10-12,Thu,13:00:00,14.3
11,2017-10-12,Thu,13:30:00,14.3
11,2017-10-12,Thu,14:00:00,23.8
11,2017-10-12,Thu,14:30:00,19.0
11,2017-10-12,Thu,15:00:00,19.0
11,2017-10-12,Thu,15:30:00,23.8
11,2017-10-12,Thu,16:00:00,23.8
11,2017-10-12,Thu,16:30:00,23.8
11,2017-10-12,Thu,17:00:00,23.8
11,2017-10-12,Thu,17:30:00,23.8
11,2017-10-12,Thu,18:00:00,23.8
11,2017-10-12,Thu,18:30:00,19.0
11,2017-10-12,Thu,19:00:00,9.5
11,2017-10-12,Thu,19:30:00,0.0
11,2017-10-12,Thu,20:00:00,0.0
11,2017-10-12,Thu,20:30:00,0.0
11,2017-10-12,Thu,21:00:00,0.0
11,2017-10-12,Thu,21:30:00,0.0
11,2017-10-12,Thu,22:00:00,0.0
11,2017-10-12,Thu,22:30:00,0.0
11,2017-10-12,Thu,23:00:00,0.0
11,2017-10-12,Thu,23:30:00,0.0
11,2017-10-13,Fri,00:00:00,0.0
11,2017-10-13,Fri,00:30:00,0.0
11,2017-10-13,Fri,01:00:00,0.0
11,2017-10-13,Fri,01:30:00,0.0
11,2017-10-13,Fri,02:00:00,0.0
11,2017-10-13,Fri,02:30:00,0.0
11,2017-10-13,Fri,03:00:00,0.0
11,2017-10-13,Fri,03:30:00,0.0
11,2017-10-13,Fri,04:00:00,0.0
11,2017-10-13,Fri,04:30:00,0.0
11,2017-10-13,Fri,05:00:00,0.0
11,2017-10-13,Fri,05:30:00,0.0
11,2017-10-13,Fri,06:00:00,4.8
11,2017-10-13,Fri,06:30:00,4.8
11,2017-10-13,Fri,07:00:00,4.8
11,2017-10-13,Fri,07:30:00,14.3
11,2017-10-13,Fri,08:00:00,19.0
11,2017-10-13,Fri,08:30:00,19.0
11,2017-10-13,Fri,09:00:00,9.5
11,2017-10-13,Fri,09:30:00,19.0
11,2017-10-13,Fri,10:00:00,28.6
11,2017-10-13,Fri,10:30:00,28.6
11,2017-10-13,Fri,11:00:00,28.6
11,2017-10-13,Fri,11:30:00,23.8
11,2017-10-13,Fri,12:00:00,23.8
11,2017-10-13,Fri,12:30:00,14.3
11,2017-10-13,Fri,13:00:00,9.5
11,2017-10-13,Fri,13:30:00,4.8
11,2017-10-13,Fri,14:00:00,9.5
11,2017-10-13,Fri,14:30:00,4.8
11,2017-10-13,Fri,15:00:00,0.0
11,2017-10-13,Fri,15:30:00,0.0
11,2017-10-13,Fri,16:00:00,4.8
11,2017-10-13,Fri,16:30:00,4.8
11,2017-10-13,Fri,17:00:00,4.8
11,2017-10-13,Fri,17:30:00,4.8
11,2017-10-13,Fri,18:00:00,4.8
11,2017-10-13,Fri,18:30:00,4.8
11,2017-10-13,Fri,19:00:00,4.8
11,2017-10-13,Fri,19:30:00,0.0
11,2017-10-13,Fri,20:00:00,0.0
11,2017-10-13,Fri,20:30:00,0.0
11,2017-10-13,Fri,21:00:00,0.0
11,2017-10-13,Fri,21:30:00,0.0
11,2017-10-13,Fri,22:00:00,0.0
11,2017-10-13,Fri,22:30:00,0.0
11,2017-10-13,Fri,23:00:00,0.0
11,2017-10-13,Fri,23:30:00,0.0
11,2017-10-14,Sat,00:00:00,0.0
11,2017-10-14,Sat,00:30:00,0.0
11,2017-10-14,Sat,01:00:00,0.0
11,2017-10-14,Sat,01:30:00,0.0
11,2017-10-14,Sat,02:00:00,0.0
11,2017-10-14,Sat,02:30:00,0.0
11,2017-10-14,Sat,03:00:00,0.0
11,2017-10-14,Sat,03:30:00,0.0
11,2017-10-14,Sat,04:00:00,0.0
11,2017-10-14,Sat,04:30:00,0.0
11,2017-10-14,Sat,05:00:00,0.0
11,2017-10-14,Sat,05:30:00,0.0
11,2017-10-14,Sat,06:00:00,0.0
11,2017-10-14,Sat,06:30:00,0.0
11,2017-10-14,Sat,07:00:00,0.0
11,2017-10-14,Sat,07:30:00,0.0
11,2017-10-14,Sat,08:00:00,0.0
11,2017-10-14,Sat,08:30:00,0.0
11,2017-10-14,Sat,09:00:00,0.0
11,2017-10-14,Sat,09:30:00,0.0
11,2017-10-14,Sat,10:00:00,0.0
11,2017-10-14,Sat,10:30:00,0.0
11,2017-10-14,Sat,11:00:00,0.0
11,2017-10-14,Sat,11:30:00,0.0
11,2017-10-14,Sat,12:00:00,0.0
11,2017-10-14,Sat,12:30:00,0.0
11,2017-10-14,Sat,13:00:00,0.0
11,2017-10-14,Sat,13:30:00,0.0
11,2017-10-14,Sat,14:00:00,0.0
11,2017-10-14,Sat,14:30:00,0.0
11,2017-10-14,Sat,15:00:00,0.0
11,2017-10-14,Sat,15:30:00,0.0
11,2017-10-14,Sat,16:00:00,9.5
11,2017-10-14,Sat,16:30:00,9.5
11,2017-10-14,Sat,17:00:00,9.5
11,2017-10-14,Sat,17:30:00,4.8
11,2017-10-14,Sat,18:00:00,4.8
11,2017-10-14,Sat,18:30:00,4.8
11,2017-10-14,Sat,19:00:00,0.0
11,2017-10-14,Sat,19:30:00,0.0
11,2017-10-14,Sat,20:00:00,0.0
11,2017-10-14,Sat,20:30:00,0.0
11,2017-10-14,Sat,21:00:00,0.0
11,2017-10-14,Sat,21:30:00,0.0
11,2017-10-14,Sat,22:00:00,0.0
11,2017-10-14,Sat,22:30:00,0.0
11,2017-10-14,Sat,23:00:00,0.0
11,2017-10-14,Sat,23:30:00,0.0
11,2017-10-15,Sun,00:00:00,0.0
11,2017-10-15,Sun,00:30:00,0.0
11,2017-10-15,Sun,01:00:00,0.0
11,2017-10-15,Sun,01:30:00,0.0
11,2017-10-15,Sun,02:00:00,0.0
11,2017-10-15,Sun,02:30:00,0.0
11,2017-10-15,Sun,03:00:00,0.0
11,2017-10-15,Sun,03:30:00,0.0
11,2017-10-15,Sun,04:00:00,0.0
11,2017-10-15,Sun,04:30:00,0.0
11,2017-10-15,Sun,05:00:00,0.0
11,2017-10-15,Sun,05:30:00,0.0
11,2017-10-15,Sun,06:00:00,0.0
11,2017-10-15,Sun,06:30:00,0.0
11,2017-10-15,Sun,07:00:00,0.0
11,2017-10-15,Sun,07:30:00,0.0
11,2017-10-15,Sun,08:00:00,0.0
11,2017-10-15,Sun,08:30:00,0.0
11,2017-10-15,Sun,09:00:00,0.0
11,2017-10-15,Sun,09:30:00,0.0
11,2017-10-15,Sun,10:00:00,0.0
11,2017-10-15,Sun,10:30:00,0.0
11,2017-10-15,Sun,11:00:00,0.0
11,2017-10-15,Sun,11:30:00,0.0
11,2017-10-15,Sun,12:00:00,0.0
11,2017-10-15,Sun,12:30:00,0.0
11,2017-10-15,Sun,13:00:00,0.0
11,2017-10-15,Sun,13:30:00,0.0
11,2017-10-15,Sun,14:00:00,0.0
11,2017-10-15,Sun,14:30:00,0.0
11,2017-10-15,Sun,15:00:00,0.0
11,2017-10-15,Sun,15:30:00,0.0
11,2017-10-15,Sun,16:00:00,0.0
11,2017-10-15,Sun,16:30:00,0.0
11,2017-10-15,Sun,17:00:00,0.0
11,2017-10-15,Sun,17:30:00,0.0
11,2017-10-15,Sun,18:00:00,0.0
11,2017-10-15,Sun,18:30:00,0.0
11,2017-10-15,Sun,19:00:00,0.0
11,2017-10-15,Sun,19:30:00,0.0
11,2017-10-15,Sun,20:00:00,0.0
11,2017-10-15,Sun,20:30:00,0.0
11,2017-10-15,Sun,21:00:00,0.0
11,2017-10-15,Sun,21:30:00,0.0
11,2017-10-15,Sun,22:00:00,0.0
11,2017-10-15,Sun,22:30:00,0.0
11,2017-10-15,Sun,23:00:00,0.0
11,2017-10-15,Sun,23:30:00,0.0
11,2017-10-16,Mon,00:00:00,0.0
11,2017-10-16,Mon,00:30:00,0.0
11,2017-10-16,Mon,01:00:00,0.0
11,2017-10-16,Mon,01:30:00,0.0
11,2017-10-16,Mon,02:00:00,0.0
11,2017-10-16,Mon,02:30:00,0.0
11,2017-10-16,Mon,03:00:00,0.0
11,2017-10-16,Mon,03:30:00,0.0
11,2017-10-16,Mon,04:00:00,0.0
11,2017-10-16,Mon,04:30:00,0.0
11,2017-10-16,Mon,05:00:00,0.0
11,2017-10-16,Mon,05:30:00,0.0
11,2017-10-16,Mon,06:00:00,0.0
11,2017-10-16,Mon,06:30:00,0.0
11,2017-10-16,Mon,07:00:00,0.0
11,2017-10-16,Mon,07:30:00,0.0
11,2017-10-16,Mon,08:00:00,14.3
11,2017-10-16,Mon,08:30:00,14.3
11,2017-10-16,Mon,09:00:00,14.3
11,2017-10-16,Mon,09:30:00,33.3
11,2017-10-16,Mon,10:00:00,33.3
11,2017-10-16,Mon,10:30:00,33.3
11,2017-10-16,Mon,11:00:00,33.3
11,2017-10-16,Mon,11:30:00,38.1
11,2017-10-16,Mon,12:00:00,38.1
11,2017-10-16,Mon,12:30:00,28.6
11,2017-10-16,Mon,13:00:00,23.8
11,2017-10-16,Mon,13:30:00,19.0
11,2017-10-16,Mon,14:00:00,9.5
11,2017-10-16,Mon,14:30:00,4.8
11,2017-10-16,Mon,15:00:00,4.8
11,2017-10-16,Mon,15:30:00,4.8
11,2017-10-16,Mon,16:00:00,4.8
11,2017-10-16,Mon,16:30:00,0.0
11,2017-10-16,Mon,17:00:00,0.0
11,2017-10-16,Mon,17:30:00,0.0
11,2017-10-16,Mon,18:00:00,0.0
11,2017-10-16,Mon,18:30:00,0.0
11,2017-10-16,Mon,19:00:00,0.0
11,2017-10-16,Mon,19:30:00,0.0
11,2017-10-16,Mon,20:00:00,0.0
11,2017-10-16,Mon,20:30:00,0.0
11,2017-10-16,Mon,21:00:00,0.0
11,2017-10-16,Mon,21:30:00,0.0
11,2017-10-16,Mon,22:00:00,0.0
11,2017-10-16,Mon,22:30:00,0.0
11,2017-10-16,Mon,23:00:00,0.0
11,2017-10-16,Mon,23:30:00,0.0
11,2017-10-17,Tue,00:00:00,0.0
11,2017-10-17,Tue,00:30:00,0.0
11,2017-10-17,Tue,01:00:00,0.0
11,2017-10-17,Tue,01:30:00,0.0
11,2017-10-17,Tue,02:00:00,0.0
11,2017-10-17,Tue,02:30:00,0.0
11,2017-10-17,Tue,03:00:00,0.0
11,2017-10-17,Tue,03:30:00,0.0
11,2017-10-17,Tue,04:00:00,0.0
11,2017-10-17,Tue,04:30:00,0.0
11,2017-10-17,Tue,05:00:00,0.0
11,2017-10-17,Tue,05:30:00,0.0
11,2017-10-17,Tue,06:00:00,0.0
11,2017-10-17,Tue,06:30:00,0.0
11,2017-10-17,Tue,07:00:00,0.0
11,2017-10-17,Tue,07:30:00,4.8
11,2017-10-17,Tue,08:00:00,14.3
11,2017-10-17,Tue,08:30:00,14.3
11,2017-10-17,Tue,09:00:00,9.5
11,2017-10-17,Tue,09:30:00,23.8
11,2017-10-17,Tue,10:00:00,23.8
11,2017-10-17,Tue,10:30:00,23.8
11,2017-10-17,Tue,11:00:00,19.0
11,2017-10-17,Tue,11:30:00,19.0
11,2017-10-17,Tue,12:00:00,14.3
11,2017-10-17,Tue,12:30:00,14.3
11,2017-10-17,Tue,13:00:00,14.3
11,2017-10-17,Tue,13:30:00,14.3
11,2017-10-17,Tue,14:00:00,33.3
11,2017-10-17,Tue,14:30:00,28.6
11,2017-10-17,Tue,15:00:00,28.6
11,2017-10-17,Tue,15:30:00,19.0
11,2017-10-17,Tue,16:00:00,14.3
11,2017-10-17,Tue,16:30:00,14.3
11,2017-10-17,Tue,17:00:00,4.8
11,2017-10-17,Tue,17:30:00,4.8
11,2017-10-17,Tue,18:00:00,9.5
11,2017-10-17,Tue,18:30:00,9.5
11,2017-10-17,Tue,19:00:00,9.5
11,2017-10-17,Tue,19:30:00,4.8
11,2017-10-17,Tue,20:00:00,0.0
11,2017-10-17,Tue,20:30:00,0.0
11,2017-10-17,Tue,21:00:00,0.0
11,2017-10-17,Tue,21:30:00,0.0
11,2017-10-17,Tue,22:00:00,0.0
11,2017-10-17,Tue,22:30:00,0.0
11,2017-10-17,Tue,23:00:00,0.0
11,2017-10-17,Tue,23:30:00,0.0
11,2017-10-18,Wed,00:00:00,0.0
11,2017-10-18,Wed,00:30:00,0.0
11,2017-10-18,Wed,01:00:00,0.0
11,2017-10-18,Wed,01:30:00,0.0
11,2017-10-18,Wed,02:00:00,0.0
11,2017-10-18,Wed,02:30:00,0.0
11,2017-10-18,Wed,03:00:00,0.0
11,2017-10-18,Wed,03:30:00,0.0
11,2017-10-18,Wed,04:00:00,0.0
11,2017-10-18,Wed,04:30:00,0.0
11,2017-10-18,Wed,05:00:00,0.0
11,2017-10-18,Wed,05:30:00,0.0
11,2017-10-18,Wed,06:00:00,4.8
11,2017-10-18,Wed,06:30:00,4.8
11,2017-10-18,Wed,07:00:00,4.8
11,2017-10-18,Wed,07:30:00,4.8
11,2017-10-18,Wed,08:00:00,28.6
11,2017-10-18,Wed,08:30:00,23.8
11,2017-10-18,Wed,09:00:00,19.0
11,2017-10-18,Wed,09:30:00,23.8
11,2017-10-18,Wed,10:00:00,28.6
11,2017-10-18,Wed,10:30:00,28.6
11,2017-10-18,Wed,11:00:00,28.6
11,2017-10-18,Wed,11:30:00,33.3
11,2017-10-18,Wed,12:00:00,33.3
11,2017-10-18,Wed,12:30:00,28.6
11,2017-10-18,Wed,13:00:00,14.3
11,2017-10-18,Wed,13:30:00,14.3
11,2017-10-18,Wed,14:00:00,4.8
11,2017-10-18,Wed,14:30:00,4.8
11,2017-10-18,Wed,15:00:00,4.8
11,2017-10-18,Wed,15:30:00,4.8
11,2017-10-18,Wed,16:00:00,0.0
11,2017-10-18,Wed,16:30:00,0.0
11,2017-10-18,Wed,17:00:00,0.0
11,2017-10-18,Wed,17:30:00,0.0
11,2017-10-18,Wed,18:00:00,0.0
11,2017-10-18,Wed,18:30:00,0.0
11,2017-10-18,Wed,19:00:00,0.0
11,2017-10-18,Wed,19:30:00,0.0
11,2017-10-18,Wed,20:00:00,0.0
11,2017-10-18,Wed,20:30:00,0.0
11,2017-10-18,Wed,21:00:00,0.0
11,2017-10-18,Wed,21:30:00,0.0
11,2017-10-18,Wed,22:00:00,0.0
11,2017-10-18,Wed,22:30:00,0.0
11,2017-10-18,Wed,23:00:00,0.0
11,2017-10-18,Wed,23:30:00,0.0
11,2017-10-19,Thu,00:00:00,0.0
11,2017-10-19,Thu,00:30:00,0.0
11,2017-10-19,Thu,01:00:00,0.0
11,2017-10-19,Thu,01:30:00,0.0
11,2017-10-19,Thu,02:00:00,0.0
11,2017-10-19,Thu,02:30:00,0.0
11,2017-10-19,Thu,03:00:00,0.0
11,2017-10-19,Thu,03:30:00,0.0
11,2017-10-19,Thu,04:00:00,0.0
11,2017-10-19,Thu,04:30:00,0.0
11,2017-10-19,Thu,05:00:00,0.0
11,2017-10-19,Thu,05:30:00,0.0
11,2017-10-19,Thu,06:00:00,0.0
11,2017-10-19,Thu,06:30:00,0.0
11,2017-10-19,Thu,07:00:00,0.0
11,2017-10-19,Thu,07:30:00,4.8
11,2017-10-19,Thu,08:00:00,14.3
11,2017-10-19,Thu,08:30:00,14.3
11,2017-10-19,Thu,09:00:00,9.5
11,2017-10-19,Thu,09:30:00,23.8
11,2017-10-19,Thu,10:00:00,23.8
11,2017-10-19,Thu,10:30:00,23.8
11,2017-10-19,Thu,11:00:00,23.8
11,2017-10-19,Thu,11:30:00,19.0
11,2017-10-19,Thu,12:00:00,19.0
11,2017-10-19,Thu,12:30:00,19.0
11,2017-10-19,Thu,13:00:00,14.3
11,2017-10-19,Thu,13:30:00,9.5
11,2017-10-19,Thu,14:00:00,19.0
11,2017-10-19,Thu,14:30:00,19.0
11,2017-10-19,Thu,15:00:00,19.0
11,2017-10-19,Thu,15:30:00,19.0
11,2017-10-19,Thu,16:00:00,14.3
11,2017-10-19,Thu,16:30:00,14.3
11,2017-10-19,Thu,17:00:00,14.3
11,2017-10-19,Thu,17:30:00,19.0
11,2017-10-19,Thu,18:00:00,9.5
11,2017-10-19,Thu,18:30:00,4.8
11,2017-10-19,Thu,19:00:00,4.8
11,2017-10-19,Thu,19:30:00,4.8
11,2017-10-19,Thu,20:00:00,4.8
11,2017-10-19,Thu,20:30:00,4.8
11,2017-10-19,Thu,21:00:00,4.8
11,2017-10-19,Thu,21:30:00,4.8
11,2017-10-19,Thu,22:00:00,0.0
11,2017-10-19,Thu,22:30:00,0.0
11,2017-10-19,Thu,23:00:00,0.0
11,2017-10-19,Thu,23:30:00,0.0
11,2017-10-20,Fri,00:00:00,0.0
11,2017-10-20,Fri,00:30:00,0.0
11,2017-10-20,Fri,01:00:00,0.0
11,2017-10-20,Fri,01:30:00,0.0
11,2017-10-20,Fri,02:00:00,0.0
11,2017-10-20,Fri,02:30:00,0.0
11,2017-10-20,Fri,03:00:00,0.0
11,2017-10-20,Fri,03:30:00,0.0
11,2017-10-20,Fri,04:00:00,0.0
11,2017-10-20,Fri,04:30:00,0.0
11,2017-10-20,Fri,05:00:00,0.0
11,2017-10-20,Fri,05:30:00,0.0
11,2017-10-20,Fri,06:00:00,0.0
11,2017-10-20,Fri,06:30:00,0.0
11,2017-10-20,Fri,07:00:00,0.0
11,2017-10-20,Fri,07:30:00,9.5
11,2017-10-20,Fri,08:00:00,4.8
11,2017-10-20,Fri,08:30:00,4.8
11,2017-10-20,Fri,09:00:00,4.8
11,2017-10-20,Fri,09:30:00,19.0
11,2017-10-20,Fri,10:00:00,38.1
11,2017-10-20,Fri,10:30:00,33.3
11,2017-10-20,Fri,11:00:00,28.6
11,2017-10-20,Fri,11:30:00,23.8
11,2017-10-20,Fri,12:00:00,28.6
11,2017-10-20,Fri,12:30:00,23.8
11,2017-10-20,Fri,13:00:00,23.8
11,2017-10-20,Fri,13:30:00,14.3
11,2017-10-20,Fri,14:00:00,14.3
11,2017-10-20,Fri,14:30:00,9.5
11,2017-10-20,Fri,15:00:00,0.0
11,2017-10-20,Fri,15:30:00,0.0
11,2017-10-20,Fri,16:00:00,0.0
11,2017-10-20,Fri,16:30:00,0.0
11,2017-10-20,Fri,17:00:00,0.0
11,2017-10-20,Fri,17:30:00,0.0
11,2017-10-20,Fri,18:00:00,0.0
11,2017-10-20,Fri,18:30:00,0.0
11,2017-10-20,Fri,19:00:00,0.0
11,2017-10-20,Fri,19:30:00,0.0
11,2017-10-20,Fri,20:00:00,0.0
11,2017-10-20,Fri,20:30:00,0.0
11,2017-10-20,Fri,21:00:00,0.0
11,2017-10-20,Fri,21:30:00,0.0
11,2017-10-20,Fri,22:00:00,0.0
11,2017-10-20,Fri,22:30:00,0.0
11,2017-10-20,Fri,23:00:00,0.0
11,2017-10-20,Fri,23:30:00,0.0
11,2017-10-21,Sat,00:00:00,0.0
11,2017-10-21,Sat,00:30:00,0.0
11,2017-10-21,Sat,01:00:00,0.0
11,2017-10-21,Sat,01:30:00,0.0
11,2017-10-21,Sat,02:00:00,0.0
11,2017-10-21,Sat,02:30:00,0.0
11,2017-10-21,Sat,03:00:00,0.0
11,2017-10-21,Sat,03:30:00,0.0
11,2017-10-21,Sat,04:00:00,0.0
11,2017-10-21,Sat,04:30:00,0.0
11,2017-10-21,Sat,05:00:00,0.0
11,2017-10-21,Sat,05:30:00,0.0
11,2017-10-21,Sat,06:00:00,0.0
11,2017-10-21,Sat,06:30:00,0.0
11,2017-10-21,Sat,07:00:00,0.0
11,2017-10-21,Sat,07:30:00,0.0
11,2017-10-21,Sat,08:00:00,4.8
11,2017-10-21,Sat,08:30:00,4.8
11,2017-10-21,Sat,09:00:00,4.8
11,2017-10-21,Sat,09:30:00,4.8
11,2017-10-21,Sat,10:00:00,4.8
11,2017-10-21,Sat,10:30:00,4.8
11,2017-10-21,Sat,11:00:00,4.8
11,2017-10-21,Sat,11:30:00,4.8
11,2017-10-21,Sat,12:00:00,0.0
11,2017-10-21,Sat,12:30:00,0.0
11,2017-10-21,Sat,13:00:00,0.0
11,2017-10-21,Sat,13:30:00,0.0
11,2017-10-21,Sat,14:00:00,0.0
11,2017-10-21,Sat,14:30:00,0.0
11,2017-10-21,Sat,15:00:00,0.0
11,2017-10-21,Sat,15:30:00,0.0
11,2017-10-21,Sat,16:00:00,0.0
11,2017-10-21,Sat,16:30:00,0.0
11,2017-10-21,Sat,17:00:00,0.0
11,2017-10-21,Sat,17:30:00,0.0
11,2017-10-21,Sat,18:00:00,0.0
11,2017-10-21,Sat,18:30:00,0.0
11,2017-10-21,Sat,19:00:00,0.0
11,2017-10-21,Sat,19:30:00,0.0
11,2017-10-21,Sat,20:00:00,0.0
11,2017-10-21,Sat,20:30:00,0.0
11,2017-10-21,Sat,21:00:00,0.0
11,2017-10-21,Sat,21:30:00,0.0
11,2017-10-21,Sat,22:00:00,0.0
11,2017-10-21,Sat,22:30:00,0.0
11,2017-10-21,Sat,23:00:00,0.0
11,2017-10-21,Sat,23:30:00,0.0
11,2017-10-22,Sun,00:00:00,0.0
11,2017-10-22,Sun,00:30:00,0.0
11,2017-10-22,Sun,01:00:00,0.0
11,2017-10-22,Sun,01:30:00,0.0
11,2017-10-22,Sun,02:00:00,0.0
11,2017-10-22,Sun,02:30:00,0.0
11,2017-10-22,Sun,03:00:00,0.0
11,2017-10-22,Sun,03:30:00,0.0
11,2017-10-22,Sun,04:00:00,0.0
11,2017-10-22,Sun,04:30:00,0.0
11,2017-10-22,Sun,05:00:00,0.0
11,2017-10-22,Sun,05:30:00,0.0
11,2017-10-22,Sun,06:00:00,0.0
11,2017-10-22,Sun,06:30:00,0.0
11,2017-10-22,Sun,07:00:00,0.0
11,2017-10-22,Sun,07:30:00,0.0
11,2017-10-22,Sun,08:00:00,0.0
11,2017-10-22,Sun,08:30:00,0.0
11,2017-10-22,Sun,09:00:00,0.0
11,2017-10-22,Sun,09:30:00,0.0
11,2017-10-22,Sun,10:00:00,0.0
11,2017-10-22,Sun,10:30:00,0.0
11,2017-10-22,Sun,11:00:00,0.0
11,2017-10-22,Sun,11:30:00,0.0
11,2017-10-22,Sun,12:00:00,0.0
11,2017-10-22,Sun,12:30:00,0.0
11,2017-10-22,Sun,13:00:00,0.0
11,2017-10-22,Sun,13:30:00,0.0
11,2017-10-22,Sun,14:00:00,0.0
11,2017-10-22,Sun,14:30:00,0.0
11,2017-10-22,Sun,15:00:00,0.0
11,2017-10-22,Sun,15:30:00,0.0
11,2017-10-22,Sun,16:00:00,0.0
11,2017-10-22,Sun,16:30:00,0.0
11,2017-10-22,Sun,17:00:00,0.0
11,2017-10-22,Sun,17:30:00,0.0
11,2017-10-22,Sun,18:00:00,0.0
11,2017-10-22,Sun,18:30:00,0.0
11,2017-10-22,Sun,19:00:00,0.0
11,2017-10-22,Sun,19:30:00,0.0
11,2017-10-22,Sun,20:00:00,0.0
11,2017-10-22,Sun,20:30:00,0.0
11,2017-10-22,Sun,21:00:00,0.0
11,2017-10-22,Sun,21:30:00,0.0
11,2017-10-22,Sun,22:00:00,0.0
11,2017-10-22,Sun,22:30:00,0.0
11,2017-10-22,Sun,23:00:00,0.0
11,2017-10-22,Sun,23:30:00,0.0
11,2017-10-23,Mon,00:00:00,0.0
11,2017-10-23,Mon,00:30:00,0.0
11,2017-10-23,Mon,01:00:00,0.0
11,2017-10-23,Mon,01:30:00,0.0
11,2017-10-23,Mon,02:00:00,0.0
11,2017-10-23,Mon,02:30:00,0.0
11,2017-10-23,Mon,03:00:00,0.0
11,2017-10-23,Mon,03:30:00,0.0
11,2017-10-23,Mon,04:00:00,0.0
11,2017-10-23,Mon,04:30:00,0.0
11,2017-10-23,Mon,05:00:00,0.0
11,2017-10-23,Mon,05:30:00,0.0
11,2017-10-23,Mon,06:00:00,4.8
11,2017-10-23,Mon,06:30:00,4.8
11,2017-10-23,Mon,07:00:00,4.8
11,2017-10-23,Mon,07:30:00,14.3
11,2017-10-23,Mon,08:00:00,33.3
11,2017-10-23,Mon,08:30:00,28.6
11,2017-10-23,Mon,09:00:00,23.8
11,2017-10-23,Mon,09:30:00,33.3
11,2017-10-23,Mon,10:00:00,38.1
11,2017-10-23,Mon,10:30:00,28.6
11,2017-10-23,Mon,11:00:00,23.8
11,2017-10-23,Mon,11:30:00,19.0
11,2017-10-23,Mon,12:00:00,9.5
11,2017-10-23,Mon,12:30:00,9.5
11,2017-10-23,Mon,13:00:00,9.5
11,2017-10-23,Mon,13:30:00,4.8
11,2017-10-23,Mon,14:00:00,4.8
11,2017-10-23,Mon,14:30:00,4.8
11,2017-10-23,Mon,15:00:00,4.8
11,2017-10-23,Mon,15:30:00,4.8
11,2017-10-23,Mon,16:00:00,4.8
11,2017-10-23,Mon,16:30:00,0.0
11,2017-10-23,Mon,17:00:00,0.0
11,2017-10-23,Mon,17:30:00,0.0
11,2017-10-23,Mon,18:00:00,0.0
11,2017-10-23,Mon,18:30:00,0.0
11,2017-10-23,Mon,19:00:00,0.0
11,2017-10-23,Mon,19:30:00,0.0
11,2017-10-23,Mon,20:00:00,0.0
11,2017-10-23,Mon,20:30:00,0.0
11,2017-10-23,Mon,21:00:00,0.0
11,2017-10-23,Mon,21:30:00,0.0
11,2017-10-23,Mon,22:00:00,0.0
11,2017-10-23,Mon,22:30:00,0.0
11,2017-10-23,Mon,23:00:00,0.0
11,2017-10-23,Mon,23:30:00,0.0
11,2017-10-24,Tue,00:00:00,0.0
11,2017-10-24,Tue,00:30:00,0.0
11,2017-10-24,Tue,01:00:00,0.0
11,2017-10-24,Tue,01:30:00,0.0
11,2017-10-24,Tue,02:00:00,0.0
11,2017-10-24,Tue,02:30:00,0.0
11,2017-10-24,Tue,03:00:00,0.0
11,2017-10-24,Tue,03:30:00,0.0
11,2017-10-24,Tue,04:00:00,0.0
11,2017-10-24,Tue,04:30:00,0.0
11,2017-10-24,Tue,05:00:00,0.0
11,2017-10-24,Tue,05:30:00,0.0
11,2017-10-24,Tue,06:00:00,4.8
11,2017-10-24,Tue,06:30:00,4.8
11,2017-10-24,Tue,07:00:00,4.8
11,2017-10-24,Tue,07:30:00,14.3
11,2017-10-24,Tue,08:00:00,9.5
11,2017-10-24,Tue,08:30:00,14.3
11,2017-10-24,Tue,09:00:00,14.3
11,2017-10-24,Tue,09:30:00,19.0
11,2017-10-24,Tue,10:00:00,23.8
11,2017-10-24,Tue,10:30:00,23.8
11,2017-10-24,Tue,11:00:00,19.0
11,2017-10-24,Tue,11:30:00,19.0
11,2017-10-24,Tue,12:00:00,14.3
11,2017-10-24,Tue,12:30:00,14.3
11,2017-10-24,Tue,13:00:00,14.3
11,2017-10-24,Tue,13:30:00,14.3
11,2017-10-24,Tue,14:00:00,23.8
11,2017-10-24,Tue,14:30:00,23.8
11,2017-10-24,Tue,15:00:00,23.8
11,2017-10-24,Tue,15:30:00,14.3
11,2017-10-24,Tue,16:00:00,14.3
11,2017-10-24,Tue,16:30:00,9.5
11,2017-10-24,Tue,17:00:00,9.5
11,2017-10-24,Tue,17:30:00,9.5
11,2017-10-24,Tue,18:00:00,9.5
11,2017-10-24,Tue,18:30:00,9.5
11,2017-10-24,Tue,19:00:00,4.8
11,2017-10-24,Tue,19:30:00,4.8
11,2017-10-24,Tue,20:00:00,4.8
11,2017-10-24,Tue,20:30:00,4.8
11,2017-10-24,Tue,21:00:00,4.8
11,2017-10-24,Tue,21:30:00,4.8
11,2017-10-24,Tue,22:00:00,4.8
11,2017-10-24,Tue,22:30:00,4.8
11,2017-10-24,Tue,23:00:00,0.0
11,2017-10-24,Tue,23:30:00,0.0
11,2017-10-25,Wed,00:00:00,0.0
11,2017-10-25,Wed,00:30:00,0.0
11,2017-10-25,Wed,01:00:00,0.0
11,2017-10-25,Wed,01:30:00,0.0
11,2017-10-25,Wed,02:00:00,0.0
11,2017-10-25,Wed,02:30:00,0.0
11,2017-10-25,Wed,03:00:00,0.0
11,2017-10-25,Wed,03:30:00,0.0
11,2017-10-25,Wed,04:00:00,0.0
11,2017-10-25,Wed,04:30:00,0.0
11,2017-10-25,Wed,05:00:00,0.0
11,2017-10-25,Wed,05:30:00,0.0
11,2017-10-25,Wed,06:00:00,4.8
11,2017-10-25,Wed,06:30:00,4.8
11,2017-10-25,Wed,07:00:00,0.0
11,2017-10-25,Wed,07:30:00,9.5
11,2017-10-25,Wed,08:00:00,28.6
11,2017-10-25,Wed,08:30:00,28.6
11,2017-10-25,Wed,09:00:00,23.8
11,2017-10-25,Wed,09:30:00,33.3
11,2017-10-25,Wed,10:00:00,38.1
11,2017-10-25,Wed,10:30:00,38.1
11,2017-10-25,Wed,11:00:00,19.0
11,2017-10-25,Wed,11:30:00,23.8
11,2017-10-25,Wed,12:00:00,33.3
11,2017-10-25,Wed,12:30:00,19.0
11,2017-10-25,Wed,13:00:00,19.0
11,2017-10-25,Wed,13:30:00,9.5
11,2017-10-25,Wed,14:00:00,9.5
11,2017-10-25,Wed,14:30:00,4.8
11,2017-10-25,Wed,15:00:00,0.0
11,2017-10-25,Wed,15:30:00,0.0
11,2017-10-25,Wed,16:00:00,0.0
11,2017-10-25,Wed,16:30:00,0.0
11,2017-10-25,Wed,17:00:00,0.0
11,2017-10-25,Wed,17:30:00,0.0
11,2017-10-25,Wed,18:00:00,0.0
11,2017-10-25,Wed,18:30:00,0.0
11,2017-10-25,Wed,19:00:00,0.0
11,2017-10-25,Wed,19:30:00,0.0
11,2017-10-25,Wed,20:00:00,0.0
11,2017-10-25,Wed,20:30:00,0.0
11,2017-10-25,Wed,21:00:00,0.0
11,2017-10-25,Wed,21:30:00,0.0
11,2017-10-25,Wed,22:00:00,0.0
11,2017-10-25,Wed,22:30:00,0.0
11,2017-10-25,Wed,23:00:00,0.0
11,2017-10-25,Wed,23:30:00,0.0
11,2017-10-26,Thu,00:00:00,0.0
11,2017-10-26,Thu,00:30:00,0.0
11,2017-10-26,Thu,01:00:00,0.0
11,2017-10-26,Thu,01:30:00,0.0
11,2017-10-26,Thu,02:00:00,0.0
11,2017-10-26,Thu,02:30:00,0.0
11,2017-10-26,Thu,03:00:00,0.0
11,2017-10-26,Thu,03:30:00,0.0
11,2017-10-26,Thu,04:00:00,0.0
11,2017-10-26,Thu,04:30:00,0.0
11,2017-10-26,Thu,05:00:00,0.0
11,2017-10-26,Thu,05:30:00,0.0
11,2017-10-26,Thu,06:00:00,0.0
11,2017-10-26,Thu,06:30:00,0.0
11,2017-10-26,Thu,07:00:00,0.0
11,2017-10-26,Thu,07:30:00,14.3
11,2017-10-26,Thu,08:00:00,19.0
11,2017-10-26,Thu,08:30:00,14.3
11,2017-10-26,Thu,09:00:00,9.5
11,2017-10-26,Thu,09:30:00,19.0
11,2017-10-26,Thu,10:00:00,28.6
11,2017-10-26,Thu,10:30:00,19.0
11,2017-10-26,Thu,11:00:00,14.3
11,2017-10-26,Thu,11:30:00,33.3
11,2017-10-26,Thu,12:00:00,28.6
11,2017-10-26,Thu,12:30:00,28.6
11,2017-10-26,Thu,13:00:00,23.8
11,2017-10-26,Thu,13:30:00,19.0
11,2017-10-26,Thu,14:00:00,28.6
11,2017-10-26,Thu,14:30:00,23.8
11,2017-10-26,Thu,15:00:00,23.8
11,2017-10-26,Thu,15:30:00,23.8
11,2017-10-26,Thu,16:00:00,19.0
11,2017-10-26,Thu,16:30:00,19.0
11,2017-10-26,Thu,17:00:00,14.3
11,2017-10-26,Thu,17:30:00,14.3
11,2017-10-26,Thu,18:00:00,14.3
11,2017-10-26,Thu,18:30:00,14.3
11,2017-10-26,Thu,19:00:00,14.3
11,2017-10-26,Thu,19:30:00,9.5
11,2017-10-26,Thu,20:00:00,0.0
11,2017-10-26,Thu,20:30:00,0.0
11,2017-10-26,Thu,21:00:00,0.0
11,2017-10-26,Thu,21:30:00,0.0
11,2017-10-26,Thu,22:00:00,0.0
11,2017-10-26,Thu,22:30:00,0.0
11,2017-10-26,Thu,23:00:00,0.0
11,2017-10-26,Thu,23:30:00,0.0
11,2017-10-27,Fri,00:00:00,0.0
11,2017-10-27,Fri,00:30:00,0.0
11,2017-10-27,Fri,01:00:00,0.0
11,2017-10-27,Fri,01:30:00,0.0
11,2017-10-27,Fri,02:00:00,0.0
11,2017-10-27,Fri,02:30:00,0.0
11,2017-10-27,Fri,03:00:00,0.0
11,2017-10-27,Fri,03:30:00,0.0
11,2017-10-27,Fri,04:00:00,0.0
11,2017-10-27,Fri,04:30:00,0.0
11,2017-10-27,Fri,05:00:00,0.0
11,2017-10-27,Fri,05:30:00,0.0
11,2017-10-27,Fri,06:00:00,0.0
11,2017-10-27,Fri,06:30:00,0.0
11,2017-10-27,Fri,07:00:00,0.0
11,2017-10-27,Fri,07:30:00,4.8
11,2017-10-27,Fri,08:00:00,14.3
11,2017-10-27,Fri,08:30:00,14.3
11,2017-10-27,Fri,09:00:00,14.3
11,2017-10-27,Fri,09:30:00,33.3
11,2017-10-27,Fri,10:00:00,33.3
11,2017-10-27,Fri,10:30:00,33.3
11,2017-10-27,Fri,11:00:00,33.3
11,2017-10-27,Fri,11:30:00,28.6
11,2017-10-27,Fri,12:00:00,23.8
11,2017-10-27,Fri,12:30:00,19.0
11,2017-10-27,Fri,13:00:00,4.8
11,2017-10-27,Fri,13:30:00,4.8
11,2017-10-27,Fri,14:00:00,0.0
11,2017-10-27,Fri,14:30:00,0.0
11,2017-10-27,Fri,15:00:00,0.0
11,2017-10-27,Fri,15:30:00,0.0
11,2017-10-27,Fri,16:00:00,0.0
11,2017-10-27,Fri,16:30:00,0.0
11,2017-10-27,Fri,17:00:00,0.0
11,2017-10-27,Fri,17:30:00,0.0
11,2017-10-27,Fri,18:00:00,0.0
11,2017-10-27,Fri,18:30:00,0.0
11,2017-10-27,Fri,19:00:00,0.0
11,2017-10-27,Fri,19:30:00,0.0
11,2017-10-27,Fri,20:00:00,0.0
11,2017-10-27,Fri,20:30:00,0.0
11,2017-10-27,Fri,21:00:00,0.0
11,2017-10-27,Fri,21:30:00,0.0
11,2017-10-27,Fri,22:00:00,0.0
11,2017-10-27,Fri,22:30:00,0.0
11,2017-10-27,Fri,23:00:00,0.0
11,2017-10-27,Fri,23:30:00,0.0
11,2017-10-28,Sat,00:00:00,0.0
11,2017-10-28,Sat,00:30:00,0.0
11,2017-10-28,Sat,01:00:00,0.0
11,2017-10-28,Sat,01:30:00,0.0
11,2017-10-28,Sat,02:00:00,0.0
11,2017-10-28,Sat,02:30:00,0.0
11,2017-10-28,Sat,03:00:00,0.0
11,2017-10-28,Sat,03:30:00,0.0
11,2017-10-28,Sat,04:00:00,0.0
11,2017-10-28,Sat,04:30:00,0.0
11,2017-10-28,Sat,05:00:00,0.0
11,2017-10-28,Sat,05:30:00,0.0
11,2017-10-28,Sat,06:00:00,0.0
11,2017-10-28,Sat,06:30:00,0.0
11,2017-10-28,Sat,07:00:00,0.0
11,2017-10-28,Sat,07:30:00,0.0
11,2017-10-28,Sat,08:00:00,4.8
11,2017-10-28,Sat,08:30:00,4.8
11,2017-10-28,Sat,09:00:00,4.8
11,2017-10-28,Sat,09:30:00,4.8
11,2017-10-28,Sat,10:00:00,0.0
11,2017-10-28,Sat,10:30:00,0.0
11,2017-10-28,Sat,11:00:00,0.0
11,2017-10-28,Sat,11:30:00,0.0
11,2017-10-28,Sat,12:00:00,0.0
11,2017-10-28,Sat,12:30:00,0.0
11,2017-10-28,Sat,13:00:00,0.0
11,2017-10-28,Sat,13:30:00,0.0
11,2017-10-28,Sat,14:00:00,0.0
11,2017-10-28,Sat,14:30:00,0.0
11,2017-10-28,Sat,15:00:00,0.0
11,2017-10-28,Sat,15:30:00,0.0
11,2017-10-28,Sat,16:00:00,0.0
11,2017-10-28,Sat,16:30:00,0.0
11,2017-10-28,Sat,17:00:00,0.0
11,2017-10-28,Sat,17:30:00,4.8
11,2017-10-28,Sat,18:00:00,4.8
11,2017-10-28,Sat,18:30:00,4.8
11,2017-10-28,Sat,19:00:00,4.8
11,2017-10-28,Sat,19:30:00,4.8
11,2017-10-28,Sat,20:00:00,4.8
11,2017-10-28,Sat,20:30:00,4.8
11,2017-10-28,Sat,21:00:00,0.0
11,2017-10-28,Sat,21:30:00,0.0
11,2017-10-28,Sat,22:00:00,0.0
11,2017-10-28,Sat,22:30:00,0.0
11,2017-10-28,Sat,23:00:00,0.0
11,2017-10-28,Sat,23:30:00,0.0
11,2017-10-29,Sun,00:00:00,0.0
11,2017-10-29,Sun,00:30:00,0.0
11,2017-10-29,Sun,01:00:00,0.0
11,2017-10-29,Sun,01:30:00,0.0
11,2017-10-29,Sun,02:00:00,0.0
11,2017-10-29,Sun,02:30:00,0.0
11,2017-10-29,Sun,03:00:00,0.0
11,2017-10-29,Sun,03:30:00,0.0
11,2017-10-29,Sun,04:00:00,0.0
11,2017-10-29,Sun,04:30:00,0.0
11,2017-10-29,Sun,05:00:00,0.0
11,2017-10-29,Sun,05:30:00,0.0
11,2017-10-29,Sun,06:00:00,0.0
11,2017-10-29,Sun,06:30:00,0.0
11,2017-10-29,Sun,07:00:00,0.0
11,2017-10-29,Sun,07:30:00,0.0
11,2017-10-29,Sun,08:00:00,0.0
11,2017-10-29,Sun,08:30:00,0.0
11,2017-10-29,Sun,09:00:00,0.0
11,2017-10-29,Sun,09:30:00,0.0
11,2017-10-29,Sun,10:00:00,4.8
11,2017-10-29,Sun,10:30:00,4.8
11,2017-10-29,Sun,11:00:00,4.8
11,2017-10-29,Sun,11:30:00,4.8
11,2017-10-29,Sun,12:00:00,4.8
11,2017-10-29,Sun,12:30:00,4.8
11,2017-10-29,Sun,13:00:00,4.8
11,2017-10-29,Sun,13:30:00,4.8
11,2017-10-29,Sun,14:00:00,4.8
11,2017-10-29,Sun,14:30:00,4.8
11,2017-10-29,Sun,15:00:00,0.0
11,2017-10-29,Sun,15:30:00,0.0
11,2017-10-29,Sun,16:00:00,0.0
11,2017-10-29,Sun,16:30:00,0.0
11,2017-10-29,Sun,17:00:00,0.0
11,2017-10-29,Sun,17:30:00,0.0
11,2017-10-29,Sun,18:00:00,0.0
11,2017-10-29,Sun,18:30:00,0.0
11,2017-10-29,Sun,19:00:00,0.0
11,2017-10-29,Sun,19:30:00,0.0
11,2017-10-29,Sun,20:00:00,0.0
11,2017-10-29,Sun,20:30:00,0.0
11,2017-10-29,Sun,21:00:00,0.0
11,2017-10-29,Sun,21:30:00,0.0
11,2017-10-29,Sun,22:00:00,0.0
11,2017-10-29,Sun,22:30:00,0.0
11,2017-10-29,Sun,23:00:00,0.0
11,2017-10-29,Sun,23:30:00,0.0
11,2017-10-30,Mon,00:00:00,0.0
11,2017-10-30,Mon,00:30:00,0.0
11,2017-10-30,Mon,01:00:00,0.0
11,2017-10-30,Mon,01:30:00,0.0
11,2017-10-30,Mon,02:00:00,0.0
11,2017-10-30,Mon,02:30:00,0.0
11,2017-10-30,Mon,03:00:00,0.0
11,2017-10-30,Mon,03:30:00,0.0
11,2017-10-30,Mon,04:00:00,0.0
11,2017-10-30,Mon,04:30:00,0.0
11,2017-10-30,Mon,05:00:00,0.0
11,2017-10-30,Mon,05:30:00,0.0
11,2017-10-30,Mon,06:00:00,0.0
11,2017-10-30,Mon,06:30:00,0.0
11,2017-10-30,Mon,07:00:00,0.0
11,2017-10-30,Mon,07:30:00,0.0
11,2017-10-30,Mon,08:00:00,19.0
11,2017-10-30,Mon,08:30:00,14.3
11,2017-10-30,Mon,09:00:00,14.3
11,2017-10-30,Mon,09:30:00,28.6
11,2017-10-30,Mon,10:00:00,33.3
11,2017-10-30,Mon,10:30:00,28.6
11,2017-10-30,Mon,11:00:00,19.0
11,2017-10-30,Mon,11:30:00,28.6
11,2017-10-30,Mon,12:00:00,28.6
11,2017-10-30,Mon,12:30:00,19.0
11,2017-10-30,Mon,13:00:00,19.0
11,2017-10-30,Mon,13:30:00,9.5
11,2017-10-30,Mon,14:00:00,14.3
11,2017-10-30,Mon,14:30:00,14.3
11,2017-10-30,Mon,15:00:00,9.5
11,2017-10-30,Mon,15:30:00,9.5
11,2017-10-30,Mon,16:00:00,4.8
11,2017-10-30,Mon,16:30:00,0.0
11,2017-10-30,Mon,17:00:00,0.0
11,2017-10-30,Mon,17:30:00,0.0
11,2017-10-30,Mon,18:00:00,0.0
11,2017-10-30,Mon,18:30:00,0.0
11,2017-10-30,Mon,19:00:00,0.0
11,2017-10-30,Mon,19:30:00,0.0
11,2017-10-30,Mon,20:00:00,0.0
11,2017-10-30,Mon,20:30:00,0.0
11,2017-10-30,Mon,21:00:00,0.0
11,2017-10-30,Mon,21:30:00,0.0
11,2017-10-30,Mon,22:00:00,0.0
11,2017-10-30,Mon,22:30:00,0.0
11,2017-10-30,Mon,23:00:00,0.0
11,2017-10-30,Mon,23:30:00,0.0
11,2017-10-31,Tue,00:00:00,0.0
11,2017-10-31,Tue,00:30:00,0.0
11,2017-10-31,Tue,01:00:00,0.0
11,2017-10-31,Tue,01:30:00,0.0
11,2017-10-31,Tue,02:00:00,0.0
11,2017-10-31,Tue,02:30:00,0.0
11,2017-10-31,Tue,03:00:00,0.0
11,2017-10-31,Tue,03:30:00,0.0
11,2017-10-31,Tue,04:00:00,0.0
11,2017-10-31,Tue,04:30:00,0.0
11,2017-10-31,Tue,05:00:00,0.0
11,2017-10-31,Tue,05:30:00,0.0
11,2017-10-31,Tue,06:00:00,4.8
11,2017-10-31,Tue,06:30:00,4.8
11,2017-10-31,Tue,07:00:00,4.8
11,2017-10-31,Tue,07:30:00,9.5
11,2017-10-31,Tue,08:00:00,19.0
11,2017-10-31,Tue,08:30:00,14.3
11,2017-10-31,Tue,09:00:00,14.3
11,2017-10-31,Tue,09:30:00,19.0
11,2017-10-31,Tue,10:00:00,23.8
11,2017-10-31,Tue,10:30:00,23.8
11,2017-10-31,Tue,11:00:00,23.8
11,2017-10-31,Tue,11:30:00,28.6
11,2017-10-31,Tue,12:00:00,23.8
11,2017-10-31,Tue,12:30:00,19.0
11,2017-10-31,Tue,13:00:00,19.0
11,2017-10-31,Tue,13:30:00,14.3
11,2017-10-31,Tue,14:00:00,23.8
11,2017-10-31,Tue,14:30:00,23.8
11,2017-10-31,Tue,15:00:00,23.8
11,2017-10-31,Tue,15:30:00,19.0
11,2017-10-31,Tue,16:00:00,14.3
11,2017-10-31,Tue,16:30:00,4.8
11,2017-10-31,Tue,17:00:00,4.8
11,2017-10-31,Tue,17:30:00,9.5
11,2017-10-31,Tue,18:00:00,9.5
11,2017-10-31,Tue,18:30:00,9.5
11,2017-10-31,Tue,19:00:00,4.8
11,2017-10-31,Tue,19:30:00,4.8
11,2017-10-31,Tue,20:00:00,4.8
11,2017-10-31,Tue,20:30:00,0.0
11,2017-10-31,Tue,21:00:00,0.0
11,2017-10-31,Tue,21:30:00,0.0
11,2017-10-31,Tue,22:00:00,0.0
11,2017-10-31,Tue,22:30:00,0.0
11,2017-10-31,Tue,23:00:00,0.0
11,2017-10-31,Tue,23:30:00,0.0
11,2017-11-01,Wed,00:00:00,0.0
11,2017-11-01,Wed,00:30:00,0.0
11,2017-11-01,Wed,01:00:00,0.0
11,2017-11-01,Wed,01:30:00,0.0
11,2017-11-01,Wed,02:00:00,0.0
11,2017-11-01,Wed,02:30:00,0.0
11,2017-11-01,Wed,03:00:00,0.0
11,2017-11-01,Wed,03:30:00,0.0
11,2017-11-01,Wed,04:00:00,0.0
11,2017-11-01,Wed,04:30:00,0.0
11,2017-11-01,Wed,05:00:00,0.0
11,2017-11-01,Wed,05:30:00,0.0
11,2017-11-01,Wed,06:00:00,0.0
11,2017-11-01,Wed,06:30:00,0.0
11,2017-11-01,Wed,07:00:00,0.0
11,2017-11-01,Wed,07:30:00,9.5
11,2017-11-01,Wed,08:00:00,28.6
11,2017-11-01,Wed,08:30:00,28.6
11,2017-11-01,Wed,09:00:00,28.6
11,2017-11-01,Wed,09:30:00,33.3
11,2017-11-01,Wed,10:00:00,38.1
11,2017-11-01,Wed,10:30:00,38.1
11,2017-11-01,Wed,11:00:00,38.1
11,2017-11-01,Wed,11:30:00,33.3
11,2017-11-01,Wed,12:00:00,33.3
11,2017-11-01,Wed,12:30:00,14.3
11,2017-11-01,Wed,13:00:00,14.3
11,2017-11-01,Wed,13:30:00,4.8
11,2017-11-01,Wed,14:00:00,0.0
11,2017-11-01,Wed,14:30:00,0.0
11,2017-11-01,Wed,15:00:00,0.0
11,2017-11-01,Wed,15:30:00,0.0
11,2017-11-01,Wed,16:00:00,0.0
11,2017-11-01,Wed,16:30:00,0.0
11,2017-11-01,Wed,17:00:00,0.0
11,2017-11-01,Wed,17:30:00,0.0
11,2017-11-01,Wed,18:00:00,0.0
11,2017-11-01,Wed,18:30:00,0.0
11,2017-11-01,Wed,19:00:00,0.0
11,2017-11-01,Wed,19:30:00,0.0
11,2017-11-01,Wed,20:00:00,0.0
11,2017-11-01,Wed,20:30:00,0.0
11,2017-11-01,Wed,21:00:00,0.0
11,2017-11-01,Wed,21:30:00,0.0
11,2017-11-01,Wed,22:00:00,0.0
11,2017-11-01,Wed,22:30:00,0.0
11,2017-11-01,Wed,23:00:00,0.0
11,2017-11-01,Wed,23:30:00,0.0
11,2017-11-02,Thu,00:00:00,0.0
11,2017-11-02,Thu,00:30:00,0.0
11,2017-11-02,Thu,01:00:00,0.0
11,2017-11-02,Thu,01:30:00,0.0
11,2017-11-02,Thu,02:00:00,0.0
11,2017-11-02,Thu,02:30:00,0.0
11,2017-11-02,Thu,03:00:00,0.0
11,2017-11-02,Thu,03:30:00,0.0
11,2017-11-02,Thu,04:00:00,0.0
11,2017-11-02,Thu,04:30:00,0.0
11,2017-11-02,Thu,05:00:00,0.0
11,2017-11-02,Thu,05:30:00,0.0
11,2017-11-02,Thu,06:00:00,4.8
11,2017-11-02,Thu,06:30:00,4.8
11,2017-11-02,Thu,07:00:00,4.8
11,2017-11-02,Thu,07:30:00,14.3
11,2017-11-02,Thu,08:00:00,23.8
11,2017-11-02,Thu,08:30:00,23.8
11,2017-11-02,Thu,09:00:00,23.8
11,2017-11-02,Thu,09:30:00,28.6
11,2017-11-02,Thu,10:00:00,38.1
11,2017-11-02,Thu,10:30:00,33.3
11,2017-11-02,Thu,11:00:00,33.3
11,2017-11-02,Thu,11:30:00,28.6
11,2017-11-02,Thu,12:00:00,19.0
11,2017-11-02,Thu,12:30:00,19.0
11,2017-11-02,Thu,13:00:00,14.3
11,2017-11-02,Thu,13:30:00,14.3
11,2017-11-02,Thu,14:00:00,33.3
11,2017-11-02,Thu,14:30:00,28.6
11,2017-11-02,Thu,15:00:00,28.6
11,2017-11-02,Thu,15:30:00,19.0
11,2017-11-02,Thu,16:00:00,14.3
11,2017-11-02,Thu,16:30:00,9.5
11,2017-11-02,Thu,17:00:00,9.5
11,2017-11-02,Thu,17:30:00,9.5
11,2017-11-02,Thu,18:00:00,9.5
11,2017-11-02,Thu,18:30:00,4.8
11,2017-11-02,Thu,19:00:00,4.8
11,2017-11-02,Thu,19:30:00,4.8
11,2017-11-02,Thu,20:00:00,4.8
11,2017-11-02,Thu,20:30:00,4.8
11,2017-11-02,Thu,21:00:00,4.8
11,2017-11-02,Thu,21:30:00,4.8
11,2017-11-02,Thu,22:00:00,0.0
11,2017-11-02,Thu,22:30:00,0.0
11,2017-11-02,Thu,23:00:00,0.0
11,2017-11-02,Thu,23:30:00,0.0
11,2017-11-03,Fri,00:00:00,0.0
11,2017-11-03,Fri,00:30:00,0.0
11,2017-11-03,Fri,01:00:00,0.0
11,2017-11-03,Fri,01:30:00,0.0
11,2017-11-03,Fri,02:00:00,0.0
11,2017-11-03,Fri,02:30:00,0.0
11,2017-11-03,Fri,03:00:00,0.0
11,2017-11-03,Fri,03:30:00,0.0
11,2017-11-03,Fri,04:00:00,0.0
11,2017-11-03,Fri,04:30:00,0.0
11,2017-11-03,Fri,05:00:00,0.0
11,2017-11-03,Fri,05:30:00,0.0
11,2017-11-03,Fri,06:00:00,4.8
11,2017-11-03,Fri,06:30:00,4.8
11,2017-11-03,Fri,07:00:00,4.8
11,2017-11-03,Fri,07:30:00,19.0
11,2017-11-03,Fri,08:00:00,23.8
11,2017-11-03,Fri,08:30:00,19.0
11,2017-11-03,Fri,09:00:00,9.5
11,2017-11-03,Fri,09:30:00,14.3
11,2017-11-03,Fri,10:00:00,19.0
11,2017-11-03,Fri,10:30:00,19.0
11,2017-11-03,Fri,11:00:00,14.3
11,2017-11-03,Fri,11:30:00,19.0
11,2017-11-03,Fri,12:00:00,14.3
11,2017-11-03,Fri,12:30:00,9.5
11,2017-11-03,Fri,13:00:00,9.5
11,2017-11-03,Fri,13:30:00,9.5
11,2017-11-03,Fri,14:00:00,9.5
11,2017-11-03,Fri,14:30:00,4.8
11,2017-11-03,Fri,15:00:00,0.0
11,2017-11-03,Fri,15:30:00,0.0
11,2017-11-03,Fri,16:00:00,0.0
11,2017-11-03,Fri,16:30:00,0.0
11,2017-11-03,Fri,17:00:00,0.0
11,2017-11-03,Fri,17:30:00,0.0
11,2017-11-03,Fri,18:00:00,4.8
11,2017-11-03,Fri,18:30:00,4.8
11,2017-11-03,Fri,19:00:00,4.8
11,2017-11-03,Fri,19:30:00,4.8
11,2017-11-03,Fri,20:00:00,4.8
11,2017-11-03,Fri,20:30:00,4.8
11,2017-11-03,Fri,21:00:00,4.8
11,2017-11-03,Fri,21:30:00,0.0
11,2017-11-03,Fri,22:00:00,0.0
11,2017-11-03,Fri,22:30:00,0.0
11,2017-11-03,Fri,23:00:00,0.0
11,2017-11-03,Fri,23:30:00,0.0
11,2017-11-04,Sat,00:00:00,0.0
11,2017-11-04,Sat,00:30:00,0.0
11,2017-11-04,Sat,01:00:00,0.0
11,2017-11-04,Sat,01:30:00,0.0
11,2017-11-04,Sat,02:00:00,0.0
11,2017-11-04,Sat,02:30:00,0.0
11,2017-11-04,Sat,03:00:00,0.0
11,2017-11-04,Sat,03:30:00,0.0
11,2017-11-04,Sat,04:00:00,0.0
11,2017-11-04,Sat,04:30:00,0.0
11,2017-11-04,Sat,05:00:00,0.0
11,2017-11-04,Sat,05:30:00,0.0
11,2017-11-04,Sat,06:00:00,4.8
11,2017-11-04,Sat,06:30:00,4.8
11,2017-11-04,Sat,07:00:00,4.8
11,2017-11-04,Sat,07:30:00,9.5
11,2017-11-04,Sat,08:00:00,9.5
11,2017-11-04,Sat,08:30:00,9.5
11,2017-11-04,Sat,09:00:00,4.8
11,2017-11-04,Sat,09:30:00,4.8
11,2017-11-04,Sat,10:00:00,9.5
11,2017-11-04,Sat,10:30:00,9.5
11,2017-11-04,Sat,11:00:00,4.8
11,2017-11-04,Sat,11:30:00,9.5
11,2017-11-04,Sat,12:00:00,9.5
11,2017-11-04,Sat,12:30:00,9.5
11,2017-11-04,Sat,13:00:00,4.8
11,2017-11-04,Sat,13:30:00,4.8
11,2017-11-04,Sat,14:00:00,4.8
11,2017-11-04,Sat,14:30:00,0.0
11,2017-11-04,Sat,15:00:00,0.0
11,2017-11-04,Sat,15:30:00,0.0
11,2017-11-04,Sat,16:00:00,4.8
11,2017-11-04,Sat,16:30:00,4.8
11,2017-11-04,Sat,17:00:00,4.8
11,2017-11-04,Sat,17:30:00,4.8
11,2017-11-04,Sat,18:00:00,4.8
11,2017-11-04,Sat,18:30:00,4.8
11,2017-11-04,Sat,19:00:00,4.8
11,2017-11-04,Sat,19:30:00,4.8
11,2017-11-04,Sat,20:00:00,4.8
11,2017-11-04,Sat,20:30:00,4.8
11,2017-11-04,Sat,21:00:00,0.0
11,2017-11-04,Sat,21:30:00,0.0
11,2017-11-04,Sat,22:00:00,0.0
11,2017-11-04,Sat,22:30:00,0.0
11,2017-11-04,Sat,23:00:00,0.0
11,2017-11-04,Sat,23:30:00,0.0
11,2017-11-05,Sun,00:00:00,0.0
11,2017-11-05,Sun,00:30:00,0.0
11,2017-11-05,Sun,01:00:00,0.0
11,2017-11-05,Sun,01:30:00,0.0
11,2017-11-05,Sun,02:00:00,0.0
11,2017-11-05,Sun,02:30:00,0.0
11,2017-11-05,Sun,03:00:00,0.0
11,2017-11-05,Sun,03:30:00,0.0
11,2017-11-05,Sun,04:00:00,0.0
11,2017-11-05,Sun,04:30:00,0.0
11,2017-11-05,Sun,05:00:00,0.0
11,2017-11-05,Sun,05:30:00,0.0
11,2017-11-05,Sun,06:00:00,0.0
11,2017-11-05,Sun,06:30:00,0.0
11,2017-11-05,Sun,07:00:00,0.0
11,2017-11-05,Sun,07:30:00,0.0
11,2017-11-05,Sun,08:00:00,0.0
11,2017-11-05,Sun,08:30:00,0.0
11,2017-11-05,Sun,09:00:00,0.0
11,2017-11-05,Sun,09:30:00,0.0
11,2017-11-05,Sun,10:00:00,4.8
11,2017-11-05,Sun,10:30:00,4.8
11,2017-11-05,Sun,11:00:00,4.8
11,2017-11-05,Sun,11:30:00,4.8
11,2017-11-05,Sun,12:00:00,0.0
11,2017-11-05,Sun,12:30:00,0.0
11,2017-11-05,Sun,13:00:00,0.0
11,2017-11-05,Sun,13:30:00,4.8
11,2017-11-05,Sun,14:00:00,4.8
11,2017-11-05,Sun,14:30:00,4.8
11,2017-11-05,Sun,15:00:00,4.8
11,2017-11-05,Sun,15:30:00,4.8
11,2017-11-05,Sun,16:00:00,0.0
11,2017-11-05,Sun,16:30:00,0.0
11,2017-11-05,Sun,17:00:00,0.0
11,2017-11-05,Sun,17:30:00,0.0
11,2017-11-05,Sun,18:00:00,0.0
11,2017-11-05,Sun,18:30:00,0.0
11,2017-11-05,Sun,19:00:00,0.0
11,2017-11-05,Sun,19:30:00,0.0
11,2017-11-05,Sun,20:00:00,0.0
11,2017-11-05,Sun,20:30:00,0.0
11,2017-11-05,Sun,21:00:00,0.0
11,2017-11-05,Sun,21:30:00,0.0
11,2017-11-05,Sun,22:00:00,0.0
11,2017-11-05,Sun,22:30:00,0.0
11,2017-11-05,Sun,23:00:00,0.0
11,2017-11-05,Sun,23:30:00,0.0
11,2017-11-06,Mon,00:00:00,0.0
11,2017-11-06,Mon,00:30:00,0.0
11,2017-11-06,Mon,01:00:00,0.0
11,2017-11-06,Mon,01:30:00,0.0
11,2017-11-06,Mon,02:00:00,0.0
11,2017-11-06,Mon,02:30:00,0.0
11,2017-11-06,Mon,03:00:00,0.0
11,2017-11-06,Mon,03:30:00,0.0
11,2017-11-06,Mon,04:00:00,0.0
11,2017-11-06,Mon,04:30:00,0.0
11,2017-11-06,Mon,05:00:00,0.0
11,2017-11-06,Mon,05:30:00,0.0
11,2017-11-06,Mon,06:00:00,0.0
11,2017-11-06,Mon,06:30:00,0.0
11,2017-11-06,Mon,07:00:00,0.0
11,2017-11-06,Mon,07:30:00,14.3
11,2017-11-06,Mon,08:00:00,23.8
11,2017-11-06,Mon,08:30:00,23.8
11,2017-11-06,Mon,09:00:00,23.8
11,2017-11-06,Mon,09:30:00,33.3
11,2017-11-06,Mon,10:00:00,33.3
11,2017-11-06,Mon,10:30:00,33.3
11,2017-11-06,Mon,11:00:00,33.3
11,2017-11-06,Mon,11:30:00,23.8
11,2017-11-06,Mon,12:00:00,19.0
11,2017-11-06,Mon,12:30:00,14.3
11,2017-11-06,Mon,13:00:00,14.3
11,2017-11-06,Mon,13:30:00,9.5
11,2017-11-06,Mon,14:00:00,9.5
11,2017-11-06,Mon,14:30:00,0.0
11,2017-11-06,Mon,15:00:00,0.0
11,2017-11-06,Mon,15:30:00,0.0
11,2017-11-06,Mon,16:00:00,0.0
11,2017-11-06,Mon,16:30:00,0.0
11,2017-11-06,Mon,17:00:00,0.0
11,2017-11-06,Mon,17:30:00,0.0
11,2017-11-06,Mon,18:00:00,0.0
11,2017-11-06,Mon,18:30:00,0.0
11,2017-11-06,Mon,19:00:00,0.0
11,2017-11-06,Mon,19:30:00,0.0
11,2017-11-06,Mon,20:00:00,0.0
11,2017-11-06,Mon,20:30:00,0.0
11,2017-11-06,Mon,21:00:00,0.0
11,2017-11-06,Mon,21:30:00,0.0
11,2017-11-06,Mon,22:00:00,0.0
11,2017-11-06,Mon,22:30:00,0.0
11,2017-11-06,Mon,23:00:00,0.0
11,2017-11-06,Mon,23:30:00,0.0
11,2017-11-07,Tue,00:00:00,0.0
11,2017-11-07,Tue,00:30:00,0.0
11,2017-11-07,Tue,01:00:00,0.0
11,2017-11-07,Tue,01:30:00,0.0
11,2017-11-07,Tue,02:00:00,0.0
11,2017-11-07,Tue,02:30:00,0.0
11,2017-11-07,Tue,03:00:00,0.0
11,2017-11-07,Tue,03:30:00,0.0
11,2017-11-07,Tue,04:00:00,0.0
11,2017-11-07,Tue,04:30:00,0.0
11,2017-11-07,Tue,05:00:00,0.0
11,2017-11-07,Tue,05:30:00,0.0
11,2017-11-07,Tue,06:00:00,0.0
11,2017-11-07,Tue,06:30:00,0.0
11,2017-11-07,Tue,07:00:00,0.0
11,2017-11-07,Tue,07:30:00,4.8
11,2017-11-07,Tue,08:00:00,14.3
11,2017-11-07,Tue,08:30:00,14.3
11,2017-11-07,Tue,09:00:00,14.3
11,2017-11-07,Tue,09:30:00,19.0
11,2017-11-07,Tue,10:00:00,28.6
11,2017-11-07,Tue,10:30:00,28.6
11,2017-11-07,Tue,11:00:00,28.6
11,2017-11-07,Tue,11:30:00,19.0
11,2017-11-07,Tue,12:00:00,19.0
11,2017-11-07,Tue,12:30:00,19.0
11,2017-11-07,Tue,13:00:00,14.3
11,2017-11-07,Tue,13:30:00,4.8
11,2017-11-07,Tue,14:00:00,19.0
11,2017-11-07,Tue,14:30:00,9.5
11,2017-11-07,Tue,15:00:00,9.5
11,2017-11-07,Tue,15:30:00,14.3
11,2017-11-07,Tue,16:00:00,14.3
11,2017-11-07,Tue,16:30:00,14.3
11,2017-11-07,Tue,17:00:00,9.5
11,2017-11-07,Tue,17:30:00,4.8
11,2017-11-07,Tue,18:00:00,9.5
11,2017-11-07,Tue,18:30:00,9.5
11,2017-11-07,Tue,19:00:00,4.8
11,2017-11-07,Tue,19:30:00,4.8
11,2017-11-07,Tue,20:00:00,4.8
11,2017-11-07,Tue,20:30:00,4.8
11,2017-11-07,Tue,21:00:00,4.8
11,2017-11-07,Tue,21:30:00,4.8
11,2017-11-07,Tue,22:00:00,0.0
11,2017-11-07,Tue,22:30:00,0.0
11,2017-11-07,Tue,23:00:00,0.0
11,2017-11-07,Tue,23:30:00,0.0
11,2017-11-08,Wed,00:00:00,0.0
11,2017-11-08,Wed,00:30:00,0.0
11,2017-11-08,Wed,01:00:00,0.0
11,2017-11-08,Wed,01:30:00,0.0
11,2017-11-08,Wed,02:00:00,0.0
11,2017-11-08,Wed,02:30:00,0.0
11,2017-11-08,Wed,03:00:00,0.0
11,2017-11-08,Wed,03:30:00,0.0
11,2017-11-08,Wed,04:00:00,0.0
11,2017-11-08,Wed,04:30:00,0.0
11,2017-11-08,Wed,05:00:00,0.0
11,2017-11-08,Wed,05:30:00,0.0
11,2017-11-08,Wed,06:00:00,0.0
11,2017-11-08,Wed,06:30:00,0.0
11,2017-11-08,Wed,07:00:00,0.0
11,2017-11-08,Wed,07:30:00,14.3
11,2017-11-08,Wed,08:00:00,23.8
11,2017-11-08,Wed,08:30:00,23.8
11,2017-11-08,Wed,09:00:00,19.0
11,2017-11-08,Wed,09:30:00,28.6
11,2017-11-08,Wed,10:00:00,23.8
11,2017-11-08,Wed,10:30:00,23.8
11,2017-11-08,Wed,11:00:00,23.8
11,2017-11-08,Wed,11:30:00,23.8
11,2017-11-08,Wed,12:00:00,19.0
11,2017-11-08,Wed,12:30:00,14.3
11,2017-11-08,Wed,13:00:00,14.3
11,2017-11-08,Wed,13:30:00,9.5
11,2017-11-08,Wed,14:00:00,9.5
11,2017-11-08,Wed,14:30:00,9.5
11,2017-11-08,Wed,15:00:00,9.5
11,2017-11-08,Wed,15:30:00,9.5
11,2017-11-08,Wed,16:00:00,9.5
11,2017-11-08,Wed,16:30:00,4.8
11,2017-11-08,Wed,17:00:00,4.8
11,2017-11-08,Wed,17:30:00,4.8
11,2017-11-08,Wed,18:00:00,0.0
11,2017-11-08,Wed,18:30:00,0.0
11,2017-11-08,Wed,19:00:00,0.0
11,2017-11-08,Wed,19:30:00,0.0
11,2017-11-08,Wed,20:00:00,0.0
11,2017-11-08,Wed,20:30:00,0.0
11,2017-11-08,Wed,21:00:00,0.0
11,2017-11-08,Wed,21:30:00,0.0
11,2017-11-08,Wed,22:00:00,0.0
11,2017-11-08,Wed,22:30:00,0.0
11,2017-11-08,Wed,23:00:00,0.0
11,2017-11-08,Wed,23:30:00,0.0
11,2017-11-09,Thu,00:00:00,0.0
11,2017-11-09,Thu,00:30:00,0.0
11,2017-11-09,Thu,01:00:00,0.0
11,2017-11-09,Thu,01:30:00,0.0
11,2017-11-09,Thu,02:00:00,0.0
11,2017-11-09,Thu,02:30:00,0.0
11,2017-11-09,Thu,03:00:00,0.0
11,2017-11-09,Thu,03:30:00,0.0
11,2017-11-09,Thu,04:00:00,0.0
11,2017-11-09,Thu,04:30:00,0.0
11,2017-11-09,Thu,05:00:00,0.0
11,2017-11-09,Thu,05:30:00,0.0
11,2017-11-09,Thu,06:00:00,4.8
11,2017-11-09,Thu,06:30:00,4.8
11,2017-11-09,Thu,07:00:00,4.8
11,2017-11-09,Thu,07:30:00,4.8
11,2017-11-09,Thu,08:00:00,9.5
11,2017-11-09,Thu,08:30:00,9.5
11,2017-11-09,Thu,09:00:00,9.5
11,2017-11-09,Thu,09:30:00,19.0
11,2017-11-09,Thu,10:00:00,33.3
11,2017-11-09,Thu,10:30:00,28.6
11,2017-11-09,Thu,11:00:00,23.8
11,2017-11-09,Thu,11:30:00,28.6
11,2017-11-09,Thu,12:00:00,23.8
11,2017-11-09,Thu,12:30:00,23.8
11,2017-11-09,Thu,13:00:00,19.0
11,2017-11-09,Thu,13:30:00,14.3
11,2017-11-09,Thu,14:00:00,19.0
11,2017-11-09,Thu,14:30:00,14.3
11,2017-11-09,Thu,15:00:00,14.3
11,2017-11-09,Thu,15:30:00,19.0
11,2017-11-09,Thu,16:00:00,19.0
11,2017-11-09,Thu,16:30:00,19.0
11,2017-11-09,Thu,17:00:00,14.3
11,2017-11-09,Thu,17:30:00,19.0
11,2017-11-09,Thu,18:00:00,14.3
11,2017-11-09,Thu,18:30:00,14.3
11,2017-11-09,Thu,19:00:00,9.5
11,2017-11-09,Thu,19:30:00,9.5
11,2017-11-09,Thu,20:00:00,9.5
11,2017-11-09,Thu,20:30:00,9.5
11,2017-11-09,Thu,21:00:00,9.5
11,2017-11-09,Thu,21:30:00,0.0
11,2017-11-09,Thu,22:00:00,0.0
11,2017-11-09,Thu,22:30:00,0.0
11,2017-11-09,Thu,23:00:00,0.0
11,2017-11-09,Thu,23:30:00,0.0
11,2017-11-10,Fri,00:00:00,0.0
11,2017-11-10,Fri,00:30:00,0.0
11,2017-11-10,Fri,01:00:00,0.0
11,2017-11-10,Fri,01:30:00,0.0
11,2017-11-10,Fri,02:00:00,0.0
11,2017-11-10,Fri,02:30:00,0.0
11,2017-11-10,Fri,03:00:00,0.0
11,2017-11-10,Fri,03:30:00,0.0
11,2017-11-10,Fri,04:00:00,0.0
11,2017-11-10,Fri,04:30:00,0.0
11,2017-11-10,Fri,05:00:00,0.0
11,2017-11-10,Fri,05:30:00,4.8
11,2017-11-10,Fri,06:00:00,9.5
11,2017-11-10,Fri,06:30:00,9.5
11,2017-11-10,Fri,07:00:00,4.8
11,2017-11-10,Fri,07:30:00,4.8
11,2017-11-10,Fri,08:00:00,9.5
11,2017-11-10,Fri,08:30:00,9.5
11,2017-11-10,Fri,09:00:00,4.8
11,2017-11-10,Fri,09:30:00,19.0
11,2017-11-10,Fri,10:00:00,28.6
11,2017-11-10,Fri,10:30:00,23.8
11,2017-11-10,Fri,11:00:00,23.8
11,2017-11-10,Fri,11:30:00,19.0
11,2017-11-10,Fri,12:00:00,23.8
11,2017-11-10,Fri,12:30:00,19.0
11,2017-11-10,Fri,13:00:00,14.3
11,2017-11-10,Fri,13:30:00,9.5
11,2017-11-10,Fri,14:00:00,9.5
11,2017-11-10,Fri,14:30:00,4.8
11,2017-11-10,Fri,15:00:00,4.8
11,2017-11-10,Fri,15:30:00,4.8
11,2017-11-10,Fri,16:00:00,4.8
11,2017-11-10,Fri,16:30:00,0.0
11,2017-11-10,Fri,17:00:00,0.0
11,2017-11-10,Fri,17:30:00,0.0
11,2017-11-10,Fri,18:00:00,0.0
11,2017-11-10,Fri,18:30:00,0.0
11,2017-11-10,Fri,19:00:00,0.0
11,2017-11-10,Fri,19:30:00,4.8
11,2017-11-10,Fri,20:00:00,4.8
11,2017-11-10,Fri,20:30:00,4.8
11,2017-11-10,Fri,21:00:00,4.8
11,2017-11-10,Fri,21:30:00,4.8
11,2017-11-10,Fri,22:00:00,4.8
11,2017-11-10,Fri,22:30:00,4.8
11,2017-11-10,Fri,23:00:00,4.8
11,2017-11-10,Fri,23:30:00,0.0
11,2017-11-11,Sat,00:00:00,0.0
11,2017-11-11,Sat,00:30:00,0.0
11,2017-11-11,Sat,01:00:00,0.0
11,2017-11-11,Sat,01:30:00,0.0
11,2017-11-11,Sat,02:00:00,0.0
11,2017-11-11,Sat,02:30:00,0.0
11,2017-11-11,Sat,03:00:00,0.0
11,2017-11-11,Sat,03:30:00,0.0
11,2017-11-11,Sat,04:00:00,0.0
11,2017-11-11,Sat,04:30:00,0.0
11,2017-11-11,Sat,05:00:00,0.0
11,2017-11-11,Sat,05:30:00,0.0
11,2017-11-11,Sat,06:00:00,0.0
11,2017-11-11,Sat,06:30:00,0.0
11,2017-11-11,Sat,07:00:00,0.0
11,2017-11-11,Sat,07:30:00,0.0
11,2017-11-11,Sat,08:00:00,0.0
11,2017-11-11,Sat,08:30:00,0.0
11,2017-11-11,Sat,09:00:00,0.0
11,2017-11-11,Sat,09:30:00,0.0
11,2017-11-11,Sat,10:00:00,0.0
11,2017-11-11,Sat,10:30:00,0.0
11,2017-11-11,Sat,11:00:00,0.0
11,2017-11-11,Sat,11:30:00,0.0
11,2017-11-11,Sat,12:00:00,0.0
11,2017-11-11,Sat,12:30:00,0.0
11,2017-11-11,Sat,13:00:00,0.0
11,2017-11-11,Sat,13:30:00,0.0
11,2017-11-11,Sat,14:00:00,0.0
11,2017-11-11,Sat,14:30:00,0.0
11,2017-11-11,Sat,15:00:00,0.0
11,2017-11-11,Sat,15:30:00,0.0
11,2017-11-11,Sat,16:00:00,0.0
11,2017-11-11,Sat,16:30:00,0.0
11,2017-11-11,Sat,17:00:00,0.0
11,2017-11-11,Sat,17:30:00,0.0
11,2017-11-11,Sat,18:00:00,0.0
11,2017-11-11,Sat,18:30:00,0.0
11,2017-11-11,Sat,19:00:00,0.0
11,2017-11-11,Sat,19:30:00,0.0
11,2017-11-11,Sat,20:00:00,0.0
11,2017-11-11,Sat,20:30:00,0.0
11,2017-11-11,Sat,21:00:00,0.0
11,2017-11-11,Sat,21:30:00,0.0
11,2017-11-11,Sat,22:00:00,0.0
11,2017-11-11,Sat,22:30:00,0.0
11,2017-11-11,Sat,23:00:00,0.0
11,2017-11-11,Sat,23:30:00,0.0
11,2017-11-12,Sun,00:00:00,0.0
11,2017-11-12,Sun,00:30:00,0.0
11,2017-11-12,Sun,01:00:00,0.0
11,2017-11-12,Sun,01:30:00,0.0
11,2017-11-12,Sun,02:00:00,0.0
11,2017-11-12,Sun,02:30:00,0.0
11,2017-11-12,Sun,03:00:00,0.0
11,2017-11-12,Sun,03:30:00,0.0
11,2017-11-12,Sun,04:00:00,0.0
11,2017-11-12,Sun,04:30:00,0.0
11,2017-11-12,Sun,05:00:00,0.0
11,2017-11-12,Sun,05:30:00,0.0
11,2017-11-12,Sun,06:00:00,0.0
11,2017-11-12,Sun,06:30:00,0.0
11,2017-11-12,Sun,07:00:00,0.0
11,2017-11-12,Sun,07:30:00,0.0
11,2017-11-12,Sun,08:00:00,0.0
11,2017-11-12,Sun,08:30:00,0.0
11,2017-11-12,Sun,09:00:00,0.0
11,2017-11-12,Sun,09:30:00,0.0
11,2017-11-12,Sun,10:00:00,0.0
11,2017-11-12,Sun,10:30:00,0.0
11,2017-11-12,Sun,11:00:00,0.0
11,2017-11-12,Sun,11:30:00,0.0
11,2017-11-12,Sun,12:00:00,0.0
11,2017-11-12,Sun,12:30:00,0.0
11,2017-11-12,Sun,13:00:00,0.0
11,2017-11-12,Sun,13:30:00,0.0
11,2017-11-12,Sun,14:00:00,0.0
11,2017-11-12,Sun,14:30:00,0.0
11,2017-11-12,Sun,15:00:00,0.0
11,2017-11-12,Sun,15:30:00,0.0
11,2017-11-12,Sun,16:00:00,0.0
11,2017-11-12,Sun,16:30:00,0.0
11,2017-11-12,Sun,17:00:00,0.0
11,2017-11-12,Sun,17:30:00,0.0
11,2017-11-12,Sun,18:00:00,0.0
11,2017-11-12,Sun,18:30:00,0.0
11,2017-11-12,Sun,19:00:00,0.0
11,2017-11-12,Sun,19:30:00,0.0
11,2017-11-12,Sun,20:00:00,0.0
11,2017-11-12,Sun,20:30:00,0.0
11,2017-11-12,Sun,21:00:00,0.0
11,2017-11-12,Sun,21:30:00,0.0
11,2017-11-12,Sun,22:00:00,0.0
11,2017-11-12,Sun,22:30:00,0.0
11,2017-11-12,Sun,23:00:00,0.0
11,2017-11-12,Sun,23:30:00,0.0
11,2017-11-13,Mon,00:00:00,0.0
11,2017-11-13,Mon,00:30:00,0.0
11,2017-11-13,Mon,01:00:00,0.0
11,2017-11-13,Mon,01:30:00,0.0
11,2017-11-13,Mon,02:00:00,0.0
11,2017-11-13,Mon,02:30:00,0.0
11,2017-11-13,Mon,03:00:00,0.0
11,2017-11-13,Mon,03:30:00,0.0
11,2017-11-13,Mon,04:00:00,0.0
11,2017-11-13,Mon,04:30:00,0.0
11,2017-11-13,Mon,05:00:00,0.0
11,2017-11-13,Mon,05:30:00,0.0
11,2017-11-13,Mon,06:00:00,4.8
11,2017-11-13,Mon,06:30:00,4.8
11,2017-11-13,Mon,07:00:00,4.8
11,2017-11-13,Mon,07:30:00,9.5
11,2017-11-13,Mon,08:00:00,4.8
11,2017-11-13,Mon,08:30:00,33.3
11,2017-11-13,Mon,09:00:00,28.6
11,2017-11-13,Mon,09:30:00,42.9
11,2017-11-13,Mon,10:00:00,42.9
11,2017-11-13,Mon,10:30:00,42.9
11,2017-11-13,Mon,11:00:00,38.1
11,2017-11-13,Mon,11:30:00,28.6
11,2017-11-13,Mon,12:00:00,19.0
11,2017-11-13,Mon,12:30:00,0.0
11,2017-11-13,Mon,13:00:00,0.0
11,2017-11-13,Mon,13:30:00,0.0
11,2017-11-13,Mon,14:00:00,0.0
11,2017-11-13,Mon,14:30:00,0.0
11,2017-11-13,Mon,15:00:00,0.0
11,2017-11-13,Mon,15:30:00,0.0
11,2017-11-13,Mon,16:00:00,0.0
11,2017-11-13,Mon,16:30:00,0.0
11,2017-11-13,Mon,17:00:00,0.0
11,2017-11-13,Mon,17:30:00,0.0
11,2017-11-13,Mon,18:00:00,0.0
11,2017-11-13,Mon,18:30:00,0.0
11,2017-11-13,Mon,19:00:00,0.0
11,2017-11-13,Mon,19:30:00,0.0
11,2017-11-13,Mon,20:00:00,0.0
11,2017-11-13,Mon,20:30:00,0.0
11,2017-11-13,Mon,21:00:00,0.0
11,2017-11-13,Mon,21:30:00,0.0
11,2017-11-13,Mon,22:00:00,0.0
11,2017-11-13,Mon,22:30:00,0.0
11,2017-11-13,Mon,23:00:00,0.0
11,2017-11-13,Mon,23:30:00,0.0
11,2017-11-14,Tue,00:00:00,0.0
11,2017-11-14,Tue,00:30:00,0.0
11,2017-11-14,Tue,01:00:00,0.0
11,2017-11-14,Tue,01:30:00,0.0
11,2017-11-14,Tue,02:00:00,0.0
11,2017-11-14,Tue,02:30:00,0.0
11,2017-11-14,Tue,03:00:00,0.0
11,2017-11-14,Tue,03:30:00,0.0
11,2017-11-14,Tue,04:00:00,0.0
11,2017-11-14,Tue,04:30:00,0.0
11,2017-11-14,Tue,05:00:00,0.0
11,2017-11-14,Tue,05:30:00,0.0
11,2017-11-14,Tue,06:00:00,0.0
11,2017-11-14,Tue,06:30:00,0.0
11,2017-11-14,Tue,07:00:00,0.0
11,2017-11-14,Tue,07:30:00,9.5
11,2017-11-14,Tue,08:00:00,23.8
11,2017-11-14,Tue,08:30:00,23.8
11,2017-11-14,Tue,09:00:00,19.0
11,2017-11-14,Tue,09:30:00,28.6
11,2017-11-14,Tue,10:00:00,28.6
11,2017-11-14,Tue,10:30:00,28.6
11,2017-11-14,Tue,11:00:00,23.8
11,2017-11-14,Tue,11:30:00,28.6
11,2017-11-14,Tue,12:00:00,23.8
11,2017-11-14,Tue,12:30:00,23.8
11,2017-11-14,Tue,13:00:00,14.3
11,2017-11-14,Tue,13:30:00,14.3
11,2017-11-14,Tue,14:00:00,28.6
11,2017-11-14,Tue,14:30:00,28.6
11,2017-11-14,Tue,15:00:00,23.8
11,2017-11-14,Tue,15:30:00,23.8
11,2017-11-14,Tue,16:00:00,28.6
11,2017-11-14,Tue,16:30:00,23.8
11,2017-11-14,Tue,17:00:00,23.8
11,2017-11-14,Tue,17:30:00,23.8
11,2017-11-14,Tue,18:00:00,23.8
11,2017-11-14,Tue,18:30:00,14.3
11,2017-11-14,Tue,19:00:00,9.5
11,2017-11-14,Tue,19:30:00,14.3
11,2017-11-14,Tue,20:00:00,14.3
11,2017-11-14,Tue,20:30:00,14.3
11,2017-11-14,Tue,21:00:00,9.5
11,2017-11-14,Tue,21:30:00,4.8
11,2017-11-14,Tue,22:00:00,4.8
11,2017-11-14,Tue,22:30:00,0.0
11,2017-11-14,Tue,23:00:00,0.0
11,2017-11-14,Tue,23:30:00,0.0
11,2017-11-15,Wed,00:00:00,0.0
11,2017-11-15,Wed,00:30:00,0.0
11,2017-11-15,Wed,01:00:00,0.0
11,2017-11-15,Wed,01:30:00,0.0
11,2017-11-15,Wed,02:00:00,0.0
11,2017-11-15,Wed,02:30:00,0.0
11,2017-11-15,Wed,03:00:00,0.0
11,2017-11-15,Wed,03:30:00,0.0
11,2017-11-15,Wed,04:00:00,0.0
11,2017-11-15,Wed,04:30:00,0.0
11,2017-11-15,Wed,05:00:00,0.0
11,2017-11-15,Wed,05:30:00,0.0
11,2017-11-15,Wed,06:00:00,9.5
11,2017-11-15,Wed,06:30:00,9.5
11,2017-11-15,Wed,07:00:00,9.5
11,2017-11-15,Wed,07:30:00,19.0
11,2017-11-15,Wed,08:00:00,28.6
11,2017-11-15,Wed,08:30:00,23.8
11,2017-11-15,Wed,09:00:00,19.0
11,2017-11-15,Wed,09:30:00,28.6
11,2017-11-15,Wed,10:00:00,33.3
11,2017-11-15,Wed,10:30:00,33.3
11,2017-11-15,Wed,11:00:00,23.8
11,2017-11-15,Wed,11:30:00,28.6
11,2017-11-15,Wed,12:00:00,23.8
11,2017-11-15,Wed,12:30:00,19.0
11,2017-11-15,Wed,13:00:00,14.3
11,2017-11-15,Wed,13:30:00,19.0
11,2017-11-15,Wed,14:00:00,14.3
11,2017-11-15,Wed,14:30:00,14.3
11,2017-11-15,Wed,15:00:00,14.3
11,2017-11-15,Wed,15:30:00,14.3
11,2017-11-15,Wed,16:00:00,0.0
11,2017-11-15,Wed,16:30:00,0.0
11,2017-11-15,Wed,17:00:00,0.0
11,2017-11-15,Wed,17:30:00,0.0
11,2017-11-15,Wed,18:00:00,0.0
11,2017-11-15,Wed,18:30:00,0.0
11,2017-11-15,Wed,19:00:00,0.0
11,2017-11-15,Wed,19:30:00,0.0
11,2017-11-15,Wed,20:00:00,0.0
11,2017-11-15,Wed,20:30:00,0.0
11,2017-11-15,Wed,21:00:00,0.0
11,2017-11-15,Wed,21:30:00,0.0
11,2017-11-15,Wed,22:00:00,0.0
11,2017-11-15,Wed,22:30:00,0.0
11,2017-11-15,Wed,23:00:00,0.0
11,2017-11-15,Wed,23:30:00,0.0
11,2017-11-16,Thu,00:00:00,0.0
11,2017-11-16,Thu,00:30:00,0.0
11,2017-11-16,Thu,01:00:00,0.0
11,2017-11-16,Thu,01:30:00,0.0
11,2017-11-16,Thu,02:00:00,0.0
11,2017-11-16,Thu,02:30:00,0.0
11,2017-11-16,Thu,03:00:00,0.0
11,2017-11-16,Thu,03:30:00,0.0
11,2017-11-16,Thu,04:00:00,0.0
11,2017-11-16,Thu,04:30:00,0.0
11,2017-11-16,Thu,05:00:00,0.0
11,2017-11-16,Thu,05:30:00,0.0
11,2017-11-16,Thu,06:00:00,9.5
11,2017-11-16,Thu,06:30:00,9.5
11,2017-11-16,Thu,07:00:00,9.5
11,2017-11-16,Thu,07:30:00,14.3
11,2017-11-16,Thu,08:00:00,19.0
11,2017-11-16,Thu,08:30:00,19.0
11,2017-11-16,Thu,09:00:00,14.3
11,2017-11-16,Thu,09:30:00,23.8
11,2017-11-16,Thu,10:00:00,28.6
11,2017-11-16,Thu,10:30:00,23.8
11,2017-11-16,Thu,11:00:00,19.0
11,2017-11-16,Thu,11:30:00,28.6
11,2017-11-16,Thu,12:00:00,19.0
11,2017-11-16,Thu,12:30:00,19.0
11,2017-11-16,Thu,13:00:00,14.3
11,2017-11-16,Thu,13:30:00,14.3
11,2017-11-16,Thu,14:00:00,23.8
11,2017-11-16,Thu,14:30:00,23.8
11,2017-11-16,Thu,15:00:00,23.8
11,2017-11-16,Thu,15:30:00,23.8
11,2017-11-16,Thu,16:00:00,19.0
11,2017-11-16,Thu,16:30:00,9.5
11,2017-11-16,Thu,17:00:00,9.5
11,2017-11-16,Thu,17:30:00,19.0
11,2017-11-16,Thu,18:00:00,14.3
11,2017-11-16,Thu,18:30:00,9.5
11,2017-11-16,Thu,19:00:00,4.8
11,2017-11-16,Thu,19:30:00,4.8
11,2017-11-16,Thu,20:00:00,4.8
11,2017-11-16,Thu,20:30:00,4.8
11,2017-11-16,Thu,21:00:00,4.8
11,2017-11-16,Thu,21:30:00,4.8
11,2017-11-16,Thu,22:00:00,0.0
11,2017-11-16,Thu,22:30:00,0.0
11,2017-11-16,Thu,23:00:00,0.0
11,2017-11-16,Thu,23:30:00,0.0
11,2017-11-17,Fri,00:00:00,0.0
11,2017-11-17,Fri,00:30:00,0.0
11,2017-11-17,Fri,01:00:00,0.0
11,2017-11-17,Fri,01:30:00,0.0
11,2017-11-17,Fri,02:00:00,0.0
11,2017-11-17,Fri,02:30:00,0.0
11,2017-11-17,Fri,03:00:00,0.0
11,2017-11-17,Fri,03:30:00,0.0
11,2017-11-17,Fri,04:00:00,0.0
11,2017-11-17,Fri,04:30:00,0.0
11,2017-11-17,Fri,05:00:00,0.0
11,2017-11-17,Fri,05:30:00,0.0
11,2017-11-17,Fri,06:00:00,9.5
11,2017-11-17,Fri,06:30:00,9.5
11,2017-11-17,Fri,07:00:00,4.8
11,2017-11-17,Fri,07:30:00,14.3
11,2017-11-17,Fri,08:00:00,19.0
11,2017-11-17,Fri,08:30:00,19.0
11,2017-11-17,Fri,09:00:00,19.0
11,2017-11-17,Fri,09:30:00,19.0
11,2017-11-17,Fri,10:00:00,19.0
11,2017-11-17,Fri,10:30:00,19.0
11,2017-11-17,Fri,11:00:00,14.3
11,2017-11-17,Fri,11:30:00,19.0
11,2017-11-17,Fri,12:00:00,19.0
11,2017-11-17,Fri,12:30:00,19.0
11,2017-11-17,Fri,13:00:00,14.3
11,2017-11-17,Fri,13:30:00,14.3
11,2017-11-17,Fri,14:00:00,0.0
11,2017-11-17,Fri,14:30:00,0.0
11,2017-11-17,Fri,15:00:00,0.0
11,2017-11-17,Fri,15:30:00,0.0
11,2017-11-17,Fri,16:00:00,4.8
11,2017-11-17,Fri,16:30:00,4.8
11,2017-11-17,Fri,17:00:00,4.8
11,2017-11-17,Fri,17:30:00,4.8
11,2017-11-17,Fri,18:00:00,4.8
11,2017-11-17,Fri,18:30:00,4.8
11,2017-11-17,Fri,19:00:00,4.8
11,2017-11-17,Fri,19:30:00,4.8
11,2017-11-17,Fri,20:00:00,4.8
11,2017-11-17,Fri,20:30:00,0.0
11,2017-11-17,Fri,21:00:00,0.0
11,2017-11-17,Fri,21:30:00,0.0
11,2017-11-17,Fri,22:00:00,0.0
11,2017-11-17,Fri,22:30:00,0.0
11,2017-11-17,Fri,23:00:00,0.0
11,2017-11-17,Fri,23:30:00,0.0
11,2017-11-18,Sat,00:00:00,0.0
11,2017-11-18,Sat,00:30:00,0.0
11,2017-11-18,Sat,01:00:00,0.0
11,2017-11-18,Sat,01:30:00,0.0
11,2017-11-18,Sat,02:00:00,0.0
11,2017-11-18,Sat,02:30:00,0.0
11,2017-11-18,Sat,03:00:00,0.0
11,2017-11-18,Sat,03:30:00,0.0
11,2017-11-18,Sat,04:00:00,0.0
11,2017-11-18,Sat,04:30:00,0.0
11,2017-11-18,Sat,05:00:00,0.0
11,2017-11-18,Sat,05:30:00,0.0
11,2017-11-18,Sat,06:00:00,0.0
11,2017-11-18,Sat,06:30:00,0.0
11,2017-11-18,Sat,07:00:00,0.0
11,2017-11-18,Sat,07:30:00,0.0
11,2017-11-18,Sat,08:00:00,0.0
11,2017-11-18,Sat,08:30:00,0.0
11,2017-11-18,Sat,09:00:00,0.0
11,2017-11-18,Sat,09:30:00,0.0
11,2017-11-18,Sat,10:00:00,0.0
11,2017-11-18,Sat,10:30:00,0.0
11,2017-11-18,Sat,11:00:00,0.0
11,2017-11-18,Sat,11:30:00,0.0
11,2017-11-18,Sat,12:00:00,0.0
11,2017-11-18,Sat,12:30:00,0.0
11,2017-11-18,Sat,13:00:00,0.0
11,2017-11-18,Sat,13:30:00,0.0
11,2017-11-18,Sat,14:00:00,0.0
11,2017-11-18,Sat,14:30:00,0.0
11,2017-11-18,Sat,15:00:00,0.0
11,2017-11-18,Sat,15:30:00,0.0
11,2017-11-18,Sat,16:00:00,0.0
11,2017-11-18,Sat,16:30:00,0.0
11,2017-11-18,Sat,17:00:00,0.0
11,2017-11-18,Sat,17:30:00,0.0
11,2017-11-18,Sat,18:00:00,0.0
11,2017-11-18,Sat,18:30:00,0.0
11,2017-11-18,Sat,19:00:00,0.0
11,2017-11-18,Sat,19:30:00,0.0
11,2017-11-18,Sat,20:00:00,0.0
11,2017-11-18,Sat,20:30:00,0.0
11,2017-11-18,Sat,21:00:00,0.0
11,2017-11-18,Sat,21:30:00,0.0
11,2017-11-18,Sat,22:00:00,0.0
11,2017-11-18,Sat,22:30:00,0.0
11,2017-11-18,Sat,23:00:00,0.0
11,2017-11-18,Sat,23:30:00,0.0
11,2017-11-19,Sun,00:00:00,0.0
11,2017-11-19,Sun,00:30:00,0.0
11,2017-11-19,Sun,01:00:00,0.0
11,2017-11-19,Sun,01:30:00,0.0
11,2017-11-19,Sun,02:00:00,0.0
11,2017-11-19,Sun,02:30:00,0.0
11,2017-11-19,Sun,03:00:00,0.0
11,2017-11-19,Sun,03:30:00,0.0
11,2017-11-19,Sun,04:00:00,0.0
11,2017-11-19,Sun,04:30:00,0.0
11,2017-11-19,Sun,05:00:00,0.0
11,2017-11-19,Sun,05:30:00,4.8
11,2017-11-19,Sun,06:00:00,4.8
11,2017-11-19,Sun,06:30:00,4.8
11,2017-11-19,Sun,07:00:00,4.8
11,2017-11-19,Sun,07:30:00,9.5
11,2017-11-19,Sun,08:00:00,9.5
11,2017-11-19,Sun,08:30:00,9.5
11,2017-11-19,Sun,09:00:00,9.5
11,2017-11-19,Sun,09:30:00,9.5
11,2017-11-19,Sun,10:00:00,4.8
11,2017-11-19,Sun,10:30:00,0.0
11,2017-11-19,Sun,11:00:00,0.0
11,2017-11-19,Sun,11:30:00,0.0
11,2017-11-19,Sun,12:00:00,0.0
11,2017-11-19,Sun,12:30:00,0.0
11,2017-11-19,Sun,13:00:00,0.0
11,2017-11-19,Sun,13:30:00,0.0
11,2017-11-19,Sun,14:00:00,0.0
11,2017-11-19,Sun,14:30:00,0.0
11,2017-11-19,Sun,15:00:00,0.0
11,2017-11-19,Sun,15:30:00,0.0
11,2017-11-19,Sun,16:00:00,0.0
11,2017-11-19,Sun,16:30:00,0.0
11,2017-11-19,Sun,17:00:00,0.0
11,2017-11-19,Sun,17:30:00,0.0
11,2017-11-19,Sun,18:00:00,0.0
11,2017-11-19,Sun,18:30:00,0.0
11,2017-11-19,Sun,19:00:00,0.0
11,2017-11-19,Sun,19:30:00,0.0
11,2017-11-19,Sun,20:00:00,0.0
11,2017-11-19,Sun,20:30:00,0.0
11,2017-11-19,Sun,21:00:00,0.0
11,2017-11-19,Sun,21:30:00,0.0
11,2017-11-19,Sun,22:00:00,0.0
11,2017-11-19,Sun,22:30:00,0.0
11,2017-11-19,Sun,23:00:00,0.0
11,2017-11-19,Sun,23:30:00,0.0
11,2017-11-20,Mon,00:00:00,0.0
11,2017-11-20,Mon,00:30:00,0.0
11,2017-11-20,Mon,01:00:00,0.0
11,2017-11-20,Mon,01:30:00,0.0
11,2017-11-20,Mon,02:00:00,0.0
11,2017-11-20,Mon,02:30:00,0.0
11,2017-11-20,Mon,03:00:00,0.0
11,2017-11-20,Mon,03:30:00,0.0
11,2017-11-20,Mon,04:00:00,0.0
11,2017-11-20,Mon,04:30:00,0.0
11,2017-11-20,Mon,05:00:00,0.0
11,2017-11-20,Mon,05:30:00,0.0
11,2017-11-20,Mon,06:00:00,4.8
11,2017-11-20,Mon,06:30:00,4.8
11,2017-11-20,Mon,07:00:00,4.8
11,2017-11-20,Mon,07:30:00,14.3
11,2017-11-20,Mon,08:00:00,28.6
11,2017-11-20,Mon,08:30:00,28.6
11,2017-11-20,Mon,09:00:00,23.8
11,2017-11-20,Mon,09:30:00,23.8
11,2017-11-20,Mon,10:00:00,33.3
11,2017-11-20,Mon,10:30:00,33.3
11,2017-11-20,Mon,11:00:00,19.0
11,2017-11-20,Mon,11:30:00,28.6
11,2017-11-20,Mon,12:00:00,23.8
11,2017-11-20,Mon,12:30:00,14.3
11,2017-11-20,Mon,13:00:00,9.5
11,2017-11-20,Mon,13:30:00,9.5
11,2017-11-20,Mon,14:00:00,9.5
11,2017-11-20,Mon,14:30:00,9.5
11,2017-11-20,Mon,15:00:00,4.8
11,2017-11-20,Mon,15:30:00,4.8
11,2017-11-20,Mon,16:00:00,4.8
11,2017-11-20,Mon,16:30:00,4.8
11,2017-11-20,Mon,17:00:00,4.8
11,2017-11-20,Mon,17:30:00,4.8
11,2017-11-20,Mon,18:00:00,4.8
11,2017-11-20,Mon,18:30:00,4.8
11,2017-11-20,Mon,19:00:00,0.0
11,2017-11-20,Mon,19:30:00,0.0
11,2017-11-20,Mon,20:00:00,0.0
11,2017-11-20,Mon,20:30:00,0.0
11,2017-11-20,Mon,21:00:00,0.0
11,2017-11-20,Mon,21:30:00,0.0
11,2017-11-20,Mon,22:00:00,0.0
11,2017-11-20,Mon,22:30:00,0.0
11,2017-11-20,Mon,23:00:00,0.0
11,2017-11-20,Mon,23:30:00,0.0
11,2017-11-21,Tue,00:00:00,0.0
11,2017-11-21,Tue,00:30:00,0.0
11,2017-11-21,Tue,01:00:00,0.0
11,2017-11-21,Tue,01:30:00,0.0
11,2017-11-21,Tue,02:00:00,0.0
11,2017-11-21,Tue,02:30:00,0.0
11,2017-11-21,Tue,03:00:00,0.0
11,2017-11-21,Tue,03:30:00,0.0
11,2017-11-21,Tue,04:00:00,0.0
11,2017-11-21,Tue,04:30:00,0.0
11,2017-11-21,Tue,05:00:00,0.0
11,2017-11-21,Tue,05:30:00,0.0
11,2017-11-21,Tue,06:00:00,0.0
11,2017-11-21,Tue,06:30:00,0.0
11,2017-11-21,Tue,07:00:00,0.0
11,2017-11-21,Tue,07:30:00,4.8
11,2017-11-21,Tue,08:00:00,14.3
11,2017-11-21,Tue,08:30:00,9.5
11,2017-11-21,Tue,09:00:00,9.5
11,2017-11-21,Tue,09:30:00,14.3
11,2017-11-21,Tue,10:00:00,19.0
11,2017-11-21,Tue,10:30:00,19.0
11,2017-11-21,Tue,11:00:00,14.3
11,2017-11-21,Tue,11:30:00,14.3
11,2017-11-21,Tue,12:00:00,14.3
11,2017-11-21,Tue,12:30:00,9.5
11,2017-11-21,Tue,13:00:00,4.8
11,2017-11-21,Tue,13:30:00,4.8
11,2017-11-21,Tue,14:00:00,19.0
11,2017-11-21,Tue,14:30:00,19.0
11,2017-11-21,Tue,15:00:00,14.3
11,2017-11-21,Tue,15:30:00,9.5
11,2017-11-21,Tue,16:00:00,19.0
11,2017-11-21,Tue,16:30:00,19.0
11,2017-11-21,Tue,17:00:00,19.0
11,2017-11-21,Tue,17:30:00,19.0
11,2017-11-21,Tue,18:00:00,14.3
11,2017-11-21,Tue,18:30:00,14.3
11,2017-11-21,Tue,19:00:00,14.3
11,2017-11-21,Tue,19:30:00,14.3
11,2017-11-21,Tue,20:00:00,9.5
11,2017-11-21,Tue,20:30:00,9.5
11,2017-11-21,Tue,21:00:00,4.8
11,2017-11-21,Tue,21:30:00,0.0
11,2017-11-21,Tue,22:00:00,0.0
11,2017-11-21,Tue,22:30:00,0.0
11,2017-11-21,Tue,23:00:00,0.0
11,2017-11-21,Tue,23:30:00,0.0
11,2017-11-22,Wed,00:00:00,0.0
11,2017-11-22,Wed,00:30:00,0.0
11,2017-11-22,Wed,01:00:00,0.0
11,2017-11-22,Wed,01:30:00,0.0
11,2017-11-22,Wed,02:00:00,0.0
11,2017-11-22,Wed,02:30:00,0.0
11,2017-11-22,Wed,03:00:00,0.0
11,2017-11-22,Wed,03:30:00,0.0
11,2017-11-22,Wed,04:00:00,0.0
11,2017-11-22,Wed,04:30:00,0.0
11,2017-11-22,Wed,05:00:00,0.0
11,2017-11-22,Wed,05:30:00,0.0
11,2017-11-22,Wed,06:00:00,4.8
11,2017-11-22,Wed,06:30:00,4.8
11,2017-11-22,Wed,07:00:00,4.8
11,2017-11-22,Wed,07:30:00,14.3
11,2017-11-22,Wed,08:00:00,28.6
11,2017-11-22,Wed,08:30:00,28.6
11,2017-11-22,Wed,09:00:00,23.8
11,2017-11-22,Wed,09:30:00,28.6
11,2017-11-22,Wed,10:00:00,33.3
11,2017-11-22,Wed,10:30:00,33.3
11,2017-11-22,Wed,11:00:00,28.6
11,2017-11-22,Wed,11:30:00,28.6
11,2017-11-22,Wed,12:00:00,28.6
11,2017-11-22,Wed,12:30:00,23.8
11,2017-11-22,Wed,13:00:00,23.8
11,2017-11-22,Wed,13:30:00,14.3
11,2017-11-22,Wed,14:00:00,9.5
11,2017-11-22,Wed,14:30:00,9.5
11,2017-11-22,Wed,15:00:00,4.8
11,2017-11-22,Wed,15:30:00,4.8
11,2017-11-22,Wed,16:00:00,0.0
11,2017-11-22,Wed,16:30:00,0.0
11,2017-11-22,Wed,17:00:00,0.0
11,2017-11-22,Wed,17:30:00,0.0
11,2017-11-22,Wed,18:00:00,0.0
11,2017-11-22,Wed,18:30:00,0.0
11,2017-11-22,Wed,19:00:00,0.0
11,2017-11-22,Wed,19:30:00,0.0
11,2017-11-22,Wed,20:00:00,0.0
11,2017-11-22,Wed,20:30:00,0.0
11,2017-11-22,Wed,21:00:00,0.0
11,2017-11-22,Wed,21:30:00,0.0
11,2017-11-22,Wed,22:00:00,0.0
11,2017-11-22,Wed,22:30:00,0.0
11,2017-11-22,Wed,23:00:00,0.0
11,2017-11-22,Wed,23:30:00,0.0
11,2017-11-23,Thu,00:00:00,0.0
11,2017-11-23,Thu,00:30:00,0.0
11,2017-11-23,Thu,01:00:00,0.0
11,2017-11-23,Thu,01:30:00,0.0
11,2017-11-23,Thu,02:00:00,0.0
11,2017-11-23,Thu,02:30:00,0.0
11,2017-11-23,Thu,03:00:00,0.0
11,2017-11-23,Thu,03:30:00,0.0
11,2017-11-23,Thu,04:00:00,0.0
11,2017-11-23,Thu,04:30:00,0.0
11,2017-11-23,Thu,05:00:00,0.0
11,2017-11-23,Thu,05:30:00,0.0
11,2017-11-23,Thu,06:00:00,4.8
11,2017-11-23,Thu,06:30:00,4.8
11,2017-11-23,Thu,07:00:00,4.8
11,2017-11-23,Thu,07:30:00,4.8
11,2017-11-23,Thu,08:00:00,9.5
11,2017-11-23,Thu,08:30:00,9.5
11,2017-11-23,Thu,09:00:00,9.5
11,2017-11-23,Thu,09:30:00,14.3
11,2017-11-23,Thu,10:00:00,23.8
11,2017-11-23,Thu,10:30:00,19.0
11,2017-11-23,Thu,11:00:00,19.0
11,2017-11-23,Thu,11:30:00,19.0
11,2017-11-23,Thu,12:00:00,14.3
11,2017-11-23,Thu,12:30:00,14.3
11,2017-11-23,Thu,13:00:00,9.5
11,2017-11-23,Thu,13:30:00,9.5
11,2017-11-23,Thu,14:00:00,14.3
11,2017-11-23,Thu,14:30:00,14.3
11,2017-11-23,Thu,15:00:00,9.5
11,2017-11-23,Thu,15:30:00,14.3
11,2017-11-23,Thu,16:00:00,9.5
11,2017-11-23,Thu,16:30:00,9.5
11,2017-11-23,Thu,17:00:00,9.5
11,2017-11-23,Thu,17:30:00,4.8
11,2017-11-23,Thu,18:00:00,9.5
11,2017-11-23,Thu,18:30:00,9.5
11,2017-11-23,Thu,19:00:00,4.8
11,2017-11-23,Thu,19:30:00,4.8
11,2017-11-23,Thu,20:00:00,4.8
11,2017-11-23,Thu,20:30:00,4.8
11,2017-11-23,Thu,21:00:00,4.8
11,2017-11-23,Thu,21:30:00,0.0
11,2017-11-23,Thu,22:00:00,0.0
11,2017-11-23,Thu,22:30:00,0.0
11,2017-11-23,Thu,23:00:00,0.0
11,2017-11-23,Thu,23:30:00,0.0
11,2017-11-24,Fri,00:00:00,0.0
11,2017-11-24,Fri,00:30:00,0.0
11,2017-11-24,Fri,01:00:00,0.0
11,2017-11-24,Fri,01:30:00,0.0
11,2017-11-24,Fri,02:00:00,0.0
11,2017-11-24,Fri,02:30:00,0.0
11,2017-11-24,Fri,03:00:00,0.0
11,2017-11-24,Fri,03:30:00,0.0
11,2017-11-24,Fri,04:00:00,0.0
11,2017-11-24,Fri,04:30:00,0.0
11,2017-11-24,Fri,05:00:00,0.0
11,2017-11-24,Fri,05:30:00,0.0
11,2017-11-24,Fri,06:00:00,9.5
11,2017-11-24,Fri,06:30:00,9.5
11,2017-11-24,Fri,07:00:00,9.5
11,2017-11-24,Fri,07:30:00,19.0
11,2017-11-24,Fri,08:00:00,23.8
11,2017-11-24,Fri,08:30:00,23.8
11,2017-11-24,Fri,09:00:00,23.8
11,2017-11-24,Fri,09:30:00,19.0
11,2017-11-24,Fri,10:00:00,23.8
11,2017-11-24,Fri,10:30:00,19.0
11,2017-11-24,Fri,11:00:00,19.0
11,2017-11-24,Fri,11:30:00,19.0
11,2017-11-24,Fri,12:00:00,19.0
11,2017-11-24,Fri,12:30:00,14.3
11,2017-11-24,Fri,13:00:00,14.3
11,2017-11-24,Fri,13:30:00,14.3
11,2017-11-24,Fri,14:00:00,9.5
11,2017-11-24,Fri,14:30:00,4.8
11,2017-11-24,Fri,15:00:00,0.0
11,2017-11-24,Fri,15:30:00,4.8
11,2017-11-24,Fri,16:00:00,4.8
11,2017-11-24,Fri,16:30:00,0.0
11,2017-11-24,Fri,17:00:00,0.0
11,2017-11-24,Fri,17:30:00,0.0
11,2017-11-24,Fri,18:00:00,0.0
11,2017-11-24,Fri,18:30:00,0.0
11,2017-11-24,Fri,19:00:00,0.0
11,2017-11-24,Fri,19:30:00,0.0
11,2017-11-24,Fri,20:00:00,0.0
11,2017-11-24,Fri,20:30:00,0.0
11,2017-11-24,Fri,21:00:00,0.0
11,2017-11-24,Fri,21:30:00,0.0
11,2017-11-24,Fri,22:00:00,0.0
11,2017-11-24,Fri,22:30:00,0.0
11,2017-11-24,Fri,23:00:00,0.0
11,2017-11-24,Fri,23:30:00,0.0
11,2017-11-25,Sat,00:00:00,0.0
11,2017-11-25,Sat,00:30:00,0.0
11,2017-11-25,Sat,01:00:00,0.0
11,2017-11-25,Sat,01:30:00,0.0
11,2017-11-25,Sat,02:00:00,0.0
11,2017-11-25,Sat,02:30:00,0.0
11,2017-11-25,Sat,03:00:00,0.0
11,2017-11-25,Sat,03:30:00,0.0
11,2017-11-25,Sat,04:00:00,0.0
11,2017-11-25,Sat,04:30:00,0.0
11,2017-11-25,Sat,05:00:00,0.0
11,2017-11-25,Sat,05:30:00,0.0
11,2017-11-25,Sat,06:00:00,0.0
11,2017-11-25,Sat,06:30:00,0.0
11,2017-11-25,Sat,07:00:00,0.0
11,2017-11-25,Sat,07:30:00,0.0
11,2017-11-25,Sat,08:00:00,0.0
11,2017-11-25,Sat,08:30:00,0.0
11,2017-11-25,Sat,09:00:00,0.0
11,2017-11-25,Sat,09:30:00,0.0
11,2017-11-25,Sat,10:00:00,0.0
11,2017-11-25,Sat,10:30:00,0.0
11,2017-11-25,Sat,11:00:00,0.0
11,2017-11-25,Sat,11:30:00,0.0
11,2017-11-25,Sat,12:00:00,0.0
11,2017-11-25,Sat,12:30:00,0.0
11,2017-11-25,Sat,13:00:00,0.0
11,2017-11-25,Sat,13:30:00,0.0
11,2017-11-25,Sat,14:00:00,0.0
11,2017-11-25,Sat,14:30:00,0.0
11,2017-11-25,Sat,15:00:00,0.0
11,2017-11-25,Sat,15:30:00,0.0
11,2017-11-25,Sat,16:00:00,4.8
11,2017-11-25,Sat,16:30:00,4.8
11,2017-11-25,Sat,17:00:00,4.8
11,2017-11-25,Sat,17:30:00,4.8
11,2017-11-25,Sat,18:00:00,4.8
11,2017-11-25,Sat,18:30:00,4.8
11,2017-11-25,Sat,19:00:00,4.8
11,2017-11-25,Sat,19:30:00,4.8
11,2017-11-25,Sat,20:00:00,0.0
11,2017-11-25,Sat,20:30:00,0.0
11,2017-11-25,Sat,21:00:00,0.0
11,2017-11-25,Sat,21:30:00,0.0
11,2017-11-25,Sat,22:00:00,0.0
11,2017-11-25,Sat,22:30:00,0.0
11,2017-11-25,Sat,23:00:00,0.0
11,2017-11-25,Sat,23:30:00,0.0
11,2017-11-26,Sun,00:00:00,0.0
11,2017-11-26,Sun,00:30:00,0.0
11,2017-11-26,Sun,01:00:00,0.0
11,2017-11-26,Sun,01:30:00,0.0
11,2017-11-26,Sun,02:00:00,0.0
11,2017-11-26,Sun,02:30:00,0.0
11,2017-11-26,Sun,03:00:00,0.0
11,2017-11-26,Sun,03:30:00,0.0
11,2017-11-26,Sun,04:00:00,0.0
11,2017-11-26,Sun,04:30:00,0.0
11,2017-11-26,Sun,05:00:00,0.0
11,2017-11-26,Sun,05:30:00,0.0
11,2017-11-26,Sun,06:00:00,0.0
11,2017-11-26,Sun,06:30:00,0.0
11,2017-11-26,Sun,07:00:00,0.0
11,2017-11-26,Sun,07:30:00,0.0
11,2017-11-26,Sun,08:00:00,4.8
11,2017-11-26,Sun,08:30:00,4.8
11,2017-11-26,Sun,09:00:00,4.8
11,2017-11-26,Sun,09:30:00,4.8
11,2017-11-26,Sun,10:00:00,4.8
11,2017-11-26,Sun,10:30:00,4.8
11,2017-11-26,Sun,11:00:00,4.8
11,2017-11-26,Sun,11:30:00,0.0
11,2017-11-26,Sun,12:00:00,0.0
11,2017-11-26,Sun,12:30:00,0.0
11,2017-11-26,Sun,13:00:00,0.0
11,2017-11-26,Sun,13:30:00,0.0
11,2017-11-26,Sun,14:00:00,0.0
11,2017-11-26,Sun,14:30:00,0.0
11,2017-11-26,Sun,15:00:00,0.0
11,2017-11-26,Sun,15:30:00,0.0
11,2017-11-26,Sun,16:00:00,0.0
11,2017-11-26,Sun,16:30:00,0.0
11,2017-11-26,Sun,17:00:00,0.0
11,2017-11-26,Sun,17:30:00,0.0
11,2017-11-26,Sun,18:00:00,0.0
11,2017-11-26,Sun,18:30:00,0.0
11,2017-11-26,Sun,19:00:00,0.0
11,2017-11-26,Sun,19:30:00,0.0
11,2017-11-26,Sun,20:00:00,0.0
11,2017-11-26,Sun,20:30:00,0.0
11,2017-11-26,Sun,21:00:00,0.0
11,2017-11-26,Sun,21:30:00,0.0
11,2017-11-26,Sun,22:00:00,0.0
11,2017-11-26,Sun,22:30:00,0.0
11,2017-11-26,Sun,23:00:00,0.0
11,2017-11-26,Sun,23:30:00,0.0
11,2017-11-27,Mon,00:00:00,0.0
11,2017-11-27,Mon,00:30:00,0.0
11,2017-11-27,Mon,01:00:00,0.0
11,2017-11-27,Mon,01:30:00,0.0
11,2017-11-27,Mon,02:00:00,0.0
11,2017-11-27,Mon,02:30:00,0.0
11,2017-11-27,Mon,03:00:00,0.0
11,2017-11-27,Mon,03:30:00,0.0
11,2017-11-27,Mon,04:00:00,0.0
11,2017-11-27,Mon,04:30:00,0.0
11,2017-11-27,Mon,05:00:00,0.0
11,2017-11-27,Mon,05:30:00,0.0
11,2017-11-27,Mon,06:00:00,4.8
11,2017-11-27,Mon,06:30:00,4.8
11,2017-11-27,Mon,07:00:00,4.8
11,2017-11-27,Mon,07:30:00,14.3
11,2017-11-27,Mon,08:00:00,28.6
11,2017-11-27,Mon,08:30:00,28.6
11,2017-11-27,Mon,09:00:00,28.6
11,2017-11-27,Mon,09:30:00,38.1
11,2017-11-27,Mon,10:00:00,42.9
11,2017-11-27,Mon,10:30:00,42.9
11,2017-11-27,Mon,11:00:00,38.1
11,2017-11-27,Mon,11:30:00,33.3
11,2017-11-27,Mon,12:00:00,28.6
11,2017-11-27,Mon,12:30:00,23.8
11,2017-11-27,Mon,13:00:00,19.0
11,2017-11-27,Mon,13:30:00,14.3
11,2017-11-27,Mon,14:00:00,4.8
11,2017-11-27,Mon,14:30:00,0.0
11,2017-11-27,Mon,15:00:00,0.0
11,2017-11-27,Mon,15:30:00,0.0
11,2017-11-27,Mon,16:00:00,0.0
11,2017-11-27,Mon,16:30:00,0.0
11,2017-11-27,Mon,17:00:00,0.0
11,2017-11-27,Mon,17:30:00,0.0
11,2017-11-27,Mon,18:00:00,0.0
11,2017-11-27,Mon,18:30:00,0.0
11,2017-11-27,Mon,19:00:00,0.0
11,2017-11-27,Mon,19:30:00,0.0
11,2017-11-27,Mon,20:00:00,0.0
11,2017-11-27,Mon,20:30:00,0.0
11,2017-11-27,Mon,21:00:00,0.0
11,2017-11-27,Mon,21:30:00,0.0
11,2017-11-27,Mon,22:00:00,0.0
11,2017-11-27,Mon,22:30:00,0.0
11,2017-11-27,Mon,23:00:00,0.0
11,2017-11-27,Mon,23:30:00,0.0
11,2017-11-28,Tue,00:00:00,0.0
11,2017-11-28,Tue,00:30:00,0.0
11,2017-11-28,Tue,01:00:00,0.0
11,2017-11-28,Tue,01:30:00,0.0
11,2017-11-28,Tue,02:00:00,0.0
11,2017-11-28,Tue,02:30:00,0.0
11,2017-11-28,Tue,03:00:00,0.0
11,2017-11-28,Tue,03:30:00,0.0
11,2017-11-28,Tue,04:00:00,0.0
11,2017-11-28,Tue,04:30:00,0.0
11,2017-11-28,Tue,05:00:00,0.0
11,2017-11-28,Tue,05:30:00,0.0
11,2017-11-28,Tue,06:00:00,0.0
11,2017-11-28,Tue,06:30:00,0.0
11,2017-11-28,Tue,07:00:00,0.0
11,2017-11-28,Tue,07:30:00,9.5
11,2017-11-28,Tue,08:00:00,19.0
11,2017-11-28,Tue,08:30:00,19.0
11,2017-11-28,Tue,09:00:00,19.0
11,2017-11-28,Tue,09:30:00,23.8
11,2017-11-28,Tue,10:00:00,33.3
11,2017-11-28,Tue,10:30:00,23.8
11,2017-11-28,Tue,11:00:00,14.3
11,2017-11-28,Tue,11:30:00,19.0
11,2017-11-28,Tue,12:00:00,19.0
11,2017-11-28,Tue,12:30:00,9.5
11,2017-11-28,Tue,13:00:00,4.8
11,2017-11-28,Tue,13:30:00,4.8
11,2017-11-28,Tue,14:00:00,9.5
11,2017-11-28,Tue,14:30:00,9.5
11,2017-11-28,Tue,15:00:00,9.5
11,2017-11-28,Tue,15:30:00,19.0
11,2017-11-28,Tue,16:00:00,14.3
11,2017-11-28,Tue,16:30:00,14.3
11,2017-11-28,Tue,17:00:00,9.5
11,2017-11-28,Tue,17:30:00,9.5
11,2017-11-28,Tue,18:00:00,9.5
11,2017-11-28,Tue,18:30:00,9.5
11,2017-11-28,Tue,19:00:00,9.5
11,2017-11-28,Tue,19:30:00,9.5
11,2017-11-28,Tue,20:00:00,4.8
11,2017-11-28,Tue,20:30:00,0.0
11,2017-11-28,Tue,21:00:00,0.0
11,2017-11-28,Tue,21:30:00,0.0
11,2017-11-28,Tue,22:00:00,0.0
11,2017-11-28,Tue,22:30:00,0.0
11,2017-11-28,Tue,23:00:00,0.0
11,2017-11-28,Tue,23:30:00,0.0
11,2017-11-29,Wed,00:00:00,0.0
11,2017-11-29,Wed,00:30:00,0.0
11,2017-11-29,Wed,01:00:00,0.0
11,2017-11-29,Wed,01:30:00,0.0
11,2017-11-29,Wed,02:00:00,0.0
11,2017-11-29,Wed,02:30:00,0.0
11,2017-11-29,Wed,03:00:00,0.0
11,2017-11-29,Wed,03:30:00,0.0
11,2017-11-29,Wed,04:00:00,0.0
11,2017-11-29,Wed,04:30:00,0.0
11,2017-11-29,Wed,05:00:00,0.0
11,2017-11-29,Wed,05:30:00,0.0
11,2017-11-29,Wed,06:00:00,4.8
11,2017-11-29,Wed,06:30:00,4.8
11,2017-11-29,Wed,07:00:00,0.0
11,2017-11-29,Wed,07:30:00,4.8
11,2017-11-29,Wed,08:00:00,28.6
11,2017-11-29,Wed,08:30:00,23.8
11,2017-11-29,Wed,09:00:00,23.8
11,2017-11-29,Wed,09:30:00,33.3
11,2017-11-29,Wed,10:00:00,38.1
11,2017-11-29,Wed,10:30:00,33.3
11,2017-11-29,Wed,11:00:00,23.8
11,2017-11-29,Wed,11:30:00,23.8
11,2017-11-29,Wed,12:00:00,23.8
11,2017-11-29,Wed,12:30:00,19.0
11,2017-11-29,Wed,13:00:00,14.3
11,2017-11-29,Wed,13:30:00,9.5
11,2017-11-29,Wed,14:00:00,4.8
11,2017-11-29,Wed,14:30:00,4.8
11,2017-11-29,Wed,15:00:00,4.8
11,2017-11-29,Wed,15:30:00,4.8
11,2017-11-29,Wed,16:00:00,4.8
11,2017-11-29,Wed,16:30:00,4.8
11,2017-11-29,Wed,17:00:00,4.8
11,2017-11-29,Wed,17:30:00,0.0
11,2017-11-29,Wed,18:00:00,0.0
11,2017-11-29,Wed,18:30:00,0.0
11,2017-11-29,Wed,19:00:00,0.0
11,2017-11-29,Wed,19:30:00,0.0
11,2017-11-29,Wed,20:00:00,0.0
11,2017-11-29,Wed,20:30:00,0.0
11,2017-11-29,Wed,21:00:00,0.0
11,2017-11-29,Wed,21:30:00,0.0
11,2017-11-29,Wed,22:00:00,0.0
11,2017-11-29,Wed,22:30:00,0.0
11,2017-11-29,Wed,23:00:00,0.0
11,2017-11-29,Wed,23:30:00,0.0
11,2017-11-30,Thu,00:00:00,0.0
11,2017-11-30,Thu,00:30:00,0.0
11,2017-11-30,Thu,01:00:00,0.0
11,2017-11-30,Thu,01:30:00,0.0
11,2017-11-30,Thu,02:00:00,0.0
11,2017-11-30,Thu,02:30:00,0.0
11,2017-11-30,Thu,03:00:00,0.0
11,2017-11-30,Thu,03:30:00,0.0
11,2017-11-30,Thu,04:00:00,0.0
11,2017-11-30,Thu,04:30:00,0.0
11,2017-11-30,Thu,05:00:00,0.0
11,2017-11-30,Thu,05:30:00,0.0
11,2017-11-30,Thu,06:00:00,4.8
11,2017-11-30,Thu,06:30:00,4.8
11,2017-11-30,Thu,07:00:00,4.8
11,2017-11-30,Thu,07:30:00,9.5
11,2017-11-30,Thu,08:00:00,23.8
11,2017-11-30,Thu,08:30:00,23.8
11,2017-11-30,Thu,09:00:00,23.8
11,2017-11-30,Thu,09:30:00,28.6
11,2017-11-30,Thu,10:00:00,38.1
11,2017-11-30,Thu,10:30:00,28.6
11,2017-11-30,Thu,11:00:00,28.6
11,2017-11-30,Thu,11:30:00,28.6
11,2017-11-30,Thu,12:00:00,23.8
11,2017-11-30,Thu,12:30:00,19.0
11,2017-11-30,Thu,13:00:00,4.8
11,2017-11-30,Thu,13:30:00,4.8
11,2017-11-30,Thu,14:00:00,23.8
11,2017-11-30,Thu,14:30:00,23.8
11,2017-11-30,Thu,15:00:00,19.0
11,2017-11-30,Thu,15:30:00,19.0
11,2017-11-30,Thu,16:00:00,28.6
11,2017-11-30,Thu,16:30:00,23.8
11,2017-11-30,Thu,17:00:00,23.8
11,2017-11-30,Thu,17:30:00,19.0
11,2017-11-30,Thu,18:00:00,14.3
11,2017-11-30,Thu,18:30:00,9.5
11,2017-11-30,Thu,19:00:00,9.5
11,2017-11-30,Thu,19:30:00,9.5
11,2017-11-30,Thu,20:00:00,9.5
11,2017-11-30,Thu,20:30:00,0.0
11,2017-11-30,Thu,21:00:00,0.0
11,2017-11-30,Thu,21:30:00,0.0
11,2017-11-30,Thu,22:00:00,0.0
11,2017-11-30,Thu,22:30:00,0.0
11,2017-11-30,Thu,23:00:00,0.0
11,2017-11-30,Thu,23:30:00,0.0
11,2017-12-01,Fri,00:00:00,0.0
11,2017-12-01,Fri,00:30:00,0.0
11,2017-12-01,Fri,01:00:00,0.0
11,2017-12-01,Fri,01:30:00,0.0
11,2017-12-01,Fri,02:00:00,0.0
11,2017-12-01,Fri,02:30:00,0.0
11,2017-12-01,Fri,03:00:00,0.0
11,2017-12-01,Fri,03:30:00,0.0
11,2017-12-01,Fri,04:00:00,0.0
11,2017-12-01,Fri,04:30:00,0.0
11,2017-12-01,Fri,05:00:00,0.0
11,2017-12-01,Fri,05:30:00,0.0
11,2017-12-01,Fri,06:00:00,9.5
11,2017-12-01,Fri,06:30:00,9.5
11,2017-12-01,Fri,07:00:00,9.5
11,2017-12-01,Fri,07:30:00,9.5
11,2017-12-01,Fri,08:00:00,9.5
11,2017-12-01,Fri,08:30:00,4.8
11,2017-12-01,Fri,09:00:00,4.8
11,2017-12-01,Fri,09:30:00,19.0
11,2017-12-01,Fri,10:00:00,23.8
11,2017-12-01,Fri,10:30:00,19.0
11,2017-12-01,Fri,11:00:00,14.3
11,2017-12-01,Fri,11:30:00,23.8
11,2017-12-01,Fri,12:00:00,23.8
11,2017-12-01,Fri,12:30:00,23.8
11,2017-12-01,Fri,13:00:00,23.8
11,2017-12-01,Fri,13:30:00,14.3
11,2017-12-01,Fri,14:00:00,14.3
11,2017-12-01,Fri,14:30:00,14.3
11,2017-12-01,Fri,15:00:00,9.5
11,2017-12-01,Fri,15:30:00,14.3
11,2017-12-01,Fri,16:00:00,9.5
11,2017-12-01,Fri,16:30:00,4.8
11,2017-12-01,Fri,17:00:00,4.8
11,2017-12-01,Fri,17:30:00,4.8
11,2017-12-01,Fri,18:00:00,4.8
11,2017-12-01,Fri,18:30:00,4.8
11,2017-12-01,Fri,19:00:00,0.0
11,2017-12-01,Fri,19:30:00,0.0
11,2017-12-01,Fri,20:00:00,0.0
11,2017-12-01,Fri,20:30:00,0.0
11,2017-12-01,Fri,21:00:00,0.0
11,2017-12-01,Fri,21:30:00,0.0
11,2017-12-01,Fri,22:00:00,0.0
11,2017-12-01,Fri,22:30:00,0.0
11,2017-12-01,Fri,23:00:00,0.0
11,2017-12-01,Fri,23:30:00,0.0
11,2017-12-02,Sat,00:00:00,0.0
11,2017-12-02,Sat,00:30:00,0.0
11,2017-12-02,Sat,01:00:00,0.0
11,2017-12-02,Sat,01:30:00,0.0
11,2017-12-02,Sat,02:00:00,0.0
11,2017-12-02,Sat,02:30:00,0.0
11,2017-12-02,Sat,03:00:00,0.0
11,2017-12-02,Sat,03:30:00,0.0
11,2017-12-02,Sat,04:00:00,0.0
11,2017-12-02,Sat,04:30:00,0.0
11,2017-12-02,Sat,05:00:00,0.0
11,2017-12-02,Sat,05:30:00,0.0
11,2017-12-02,Sat,06:00:00,0.0
11,2017-12-02,Sat,06:30:00,0.0
11,2017-12-02,Sat,07:00:00,0.0
11,2017-12-02,Sat,07:30:00,0.0
11,2017-12-02,Sat,08:00:00,0.0
11,2017-12-02,Sat,08:30:00,0.0
11,2017-12-02,Sat,09:00:00,0.0
11,2017-12-02,Sat,09:30:00,4.8
11,2017-12-02,Sat,10:00:00,4.8
11,2017-12-02,Sat,10:30:00,4.8
11,2017-12-02,Sat,11:00:00,4.8
11,2017-12-02,Sat,11:30:00,4.8
11,2017-12-02,Sat,12:00:00,0.0
11,2017-12-02,Sat,12:30:00,0.0
11,2017-12-02,Sat,13:00:00,0.0
11,2017-12-02,Sat,13:30:00,0.0
11,2017-12-02,Sat,14:00:00,0.0
11,2017-12-02,Sat,14:30:00,0.0
11,2017-12-02,Sat,15:00:00,0.0
11,2017-12-02,Sat,15:30:00,0.0
11,2017-12-02,Sat,16:00:00,0.0
11,2017-12-02,Sat,16:30:00,0.0
11,2017-12-02,Sat,17:00:00,0.0
11,2017-12-02,Sat,17:30:00,0.0
11,2017-12-02,Sat,18:00:00,4.8
11,2017-12-02,Sat,18:30:00,4.8
11,2017-12-02,Sat,19:00:00,4.8
11,2017-12-02,Sat,19:30:00,4.8
11,2017-12-02,Sat,20:00:00,4.8
11,2017-12-02,Sat,20:30:00,0.0
11,2017-12-02,Sat,21:00:00,0.0
11,2017-12-02,Sat,21:30:00,0.0
11,2017-12-02,Sat,22:00:00,0.0
11,2017-12-02,Sat,22:30:00,0.0
11,2017-12-02,Sat,23:00:00,0.0
11,2017-12-02,Sat,23:30:00,0.0
11,2017-12-03,Sun,00:00:00,0.0
11,2017-12-03,Sun,00:30:00,0.0
11,2017-12-03,Sun,01:00:00,0.0
11,2017-12-03,Sun,01:30:00,0.0
11,2017-12-03,Sun,02:00:00,0.0
11,2017-12-03,Sun,02:30:00,0.0
11,2017-12-03,Sun,03:00:00,0.0
11,2017-12-03,Sun,03:30:00,0.0
11,2017-12-03,Sun,04:00:00,0.0
11,2017-12-03,Sun,04:30:00,0.0
11,2017-12-03,Sun,05:00:00,0.0
11,2017-12-03,Sun,05:30:00,0.0
11,2017-12-03,Sun,06:00:00,0.0
11,2017-12-03,Sun,06:30:00,0.0
11,2017-12-03,Sun,07:00:00,0.0
11,2017-12-03,Sun,07:30:00,4.8
11,2017-12-03,Sun,08:00:00,4.8
11,2017-12-03,Sun,08:30:00,4.8
11,2017-12-03,Sun,09:00:00,4.8
11,2017-12-03,Sun,09:30:00,4.8
11,2017-12-03,Sun,10:00:00,0.0
11,2017-12-03,Sun,10:30:00,0.0
11,2017-12-03,Sun,11:00:00,0.0
11,2017-12-03,Sun,11:30:00,4.8
11,2017-12-03,Sun,12:00:00,4.8
11,2017-12-03,Sun,12:30:00,0.0
11,2017-12-03,Sun,13:00:00,0.0
11,2017-12-03,Sun,13:30:00,0.0
11,2017-12-03,Sun,14:00:00,0.0
11,2017-12-03,Sun,14:30:00,0.0
11,2017-12-03,Sun,15:00:00,0.0
11,2017-12-03,Sun,15:30:00,0.0
11,2017-12-03,Sun,16:00:00,0.0
11,2017-12-03,Sun,16:30:00,0.0
11,2017-12-03,Sun,17:00:00,0.0
11,2017-12-03,Sun,17:30:00,0.0
11,2017-12-03,Sun,18:00:00,0.0
11,2017-12-03,Sun,18:30:00,0.0
11,2017-12-03,Sun,19:00:00,0.0
11,2017-12-03,Sun,19:30:00,0.0
11,2017-12-03,Sun,20:00:00,0.0
11,2017-12-03,Sun,20:30:00,0.0
11,2017-12-03,Sun,21:00:00,0.0
11,2017-12-03,Sun,21:30:00,0.0
11,2017-12-03,Sun,22:00:00,0.0
11,2017-12-03,Sun,22:30:00,0.0
11,2017-12-03,Sun,23:00:00,0.0
11,2017-12-03,Sun,23:30:00,0.0
11,2017-12-04,Mon,00:00:00,0.0
11,2017-12-04,Mon,00:30:00,0.0
11,2017-12-04,Mon,01:00:00,0.0
11,2017-12-04,Mon,01:30:00,0.0
11,2017-12-04,Mon,02:00:00,0.0
11,2017-12-04,Mon,02:30:00,0.0
11,2017-12-04,Mon,03:00:00,0.0
11,2017-12-04,Mon,03:30:00,0.0
11,2017-12-04,Mon,04:00:00,0.0
11,2017-12-04,Mon,04:30:00,0.0
11,2017-12-04,Mon,05:00:00,0.0
11,2017-12-04,Mon,05:30:00,0.0
11,2017-12-04,Mon,06:00:00,4.8
11,2017-12-04,Mon,06:30:00,4.8
11,2017-12-04,Mon,07:00:00,4.8
11,2017-12-04,Mon,07:30:00,9.5
11,2017-12-04,Mon,08:00:00,23.8
11,2017-12-04,Mon,08:30:00,19.0
11,2017-12-04,Mon,09:00:00,19.0
11,2017-12-04,Mon,09:30:00,33.3
11,2017-12-04,Mon,10:00:00,38.1
11,2017-12-04,Mon,10:30:00,33.3
11,2017-12-04,Mon,11:00:00,33.3
11,2017-12-04,Mon,11:30:00,42.9
11,2017-12-04,Mon,12:00:00,33.3
11,2017-12-04,Mon,12:30:00,33.3
11,2017-12-04,Mon,13:00:00,23.8
11,2017-12-04,Mon,13:30:00,23.8
11,2017-12-04,Mon,14:00:00,23.8
11,2017-12-04,Mon,14:30:00,19.0
11,2017-12-04,Mon,15:00:00,4.8
11,2017-12-04,Mon,15:30:00,4.8
11,2017-12-04,Mon,16:00:00,0.0
11,2017-12-04,Mon,16:30:00,0.0
11,2017-12-04,Mon,17:00:00,0.0
11,2017-12-04,Mon,17:30:00,0.0
11,2017-12-04,Mon,18:00:00,0.0
11,2017-12-04,Mon,18:30:00,0.0
11,2017-12-04,Mon,19:00:00,0.0
11,2017-12-04,Mon,19:30:00,0.0
11,2017-12-04,Mon,20:00:00,0.0
11,2017-12-04,Mon,20:30:00,0.0
11,2017-12-04,Mon,21:00:00,0.0
11,2017-12-04,Mon,21:30:00,0.0
11,2017-12-04,Mon,22:00:00,0.0
11,2017-12-04,Mon,22:30:00,0.0
11,2017-12-04,Mon,23:00:00,0.0
11,2017-12-04,Mon,23:30:00,0.0
11,2017-12-05,Tue,00:00:00,0.0
11,2017-12-05,Tue,00:30:00,0.0
11,2017-12-05,Tue,01:00:00,0.0
11,2017-12-05,Tue,01:30:00,0.0
11,2017-12-05,Tue,02:00:00,0.0
11,2017-12-05,Tue,02:30:00,0.0
11,2017-12-05,Tue,03:00:00,0.0
11,2017-12-05,Tue,03:30:00,0.0
11,2017-12-05,Tue,04:00:00,0.0
11,2017-12-05,Tue,04:30:00,0.0
11,2017-12-05,Tue,05:00:00,0.0
11,2017-12-05,Tue,05:30:00,0.0
11,2017-12-05,Tue,06:00:00,4.8
11,2017-12-05,Tue,06:30:00,0.0
11,2017-12-05,Tue,07:00:00,0.0
11,2017-12-05,Tue,07:30:00,14.3
11,2017-12-05,Tue,08:00:00,19.0
11,2017-12-05,Tue,08:30:00,19.0
11,2017-12-05,Tue,09:00:00,19.0
11,2017-12-05,Tue,09:30:00,14.3
11,2017-12-05,Tue,10:00:00,23.8
11,2017-12-05,Tue,10:30:00,19.0
11,2017-12-05,Tue,11:00:00,19.0
11,2017-12-05,Tue,11:30:00,14.3
11,2017-12-05,Tue,12:00:00,14.3
11,2017-12-05,Tue,12:30:00,9.5
11,2017-12-05,Tue,13:00:00,9.5
11,2017-12-05,Tue,13:30:00,9.5
11,2017-12-05,Tue,14:00:00,23.8
11,2017-12-05,Tue,14:30:00,23.8
11,2017-12-05,Tue,15:00:00,19.0
11,2017-12-05,Tue,15:30:00,14.3
11,2017-12-05,Tue,16:00:00,19.0
11,2017-12-05,Tue,16:30:00,19.0
11,2017-12-05,Tue,17:00:00,19.0
11,2017-12-05,Tue,17:30:00,19.0
11,2017-12-05,Tue,18:00:00,19.0
11,2017-12-05,Tue,18:30:00,14.3
11,2017-12-05,Tue,19:00:00,4.8
11,2017-12-05,Tue,19:30:00,4.8
11,2017-12-05,Tue,20:00:00,0.0
11,2017-12-05,Tue,20:30:00,0.0
11,2017-12-05,Tue,21:00:00,0.0
11,2017-12-05,Tue,21:30:00,0.0
11,2017-12-05,Tue,22:00:00,0.0
11,2017-12-05,Tue,22:30:00,0.0
11,2017-12-05,Tue,23:00:00,0.0
11,2017-12-05,Tue,23:30:00,0.0
11,2017-12-06,Wed,00:00:00,0.0
11,2017-12-06,Wed,00:30:00,0.0
11,2017-12-06,Wed,01:00:00,0.0
11,2017-12-06,Wed,01:30:00,0.0
11,2017-12-06,Wed,02:00:00,0.0
11,2017-12-06,Wed,02:30:00,0.0
11,2017-12-06,Wed,03:00:00,0.0
11,2017-12-06,Wed,03:30:00,0.0
11,2017-12-06,Wed,04:00:00,0.0
11,2017-12-06,Wed,04:30:00,0.0
11,2017-12-06,Wed,05:00:00,0.0
11,2017-12-06,Wed,05:30:00,0.0
11,2017-12-06,Wed,06:00:00,0.0
11,2017-12-06,Wed,06:30:00,0.0
11,2017-12-06,Wed,07:00:00,0.0
11,2017-12-06,Wed,07:30:00,9.5
11,2017-12-06,Wed,08:00:00,19.0
11,2017-12-06,Wed,08:30:00,19.0
11,2017-12-06,Wed,09:00:00,14.3
11,2017-12-06,Wed,09:30:00,42.9
11,2017-12-06,Wed,10:00:00,33.3
11,2017-12-06,Wed,10:30:00,33.3
11,2017-12-06,Wed,11:00:00,28.6
11,2017-12-06,Wed,11:30:00,28.6
11,2017-12-06,Wed,12:00:00,28.6
11,2017-12-06,Wed,12:30:00,28.6
11,2017-12-06,Wed,13:00:00,23.8
11,2017-12-06,Wed,13:30:00,14.3
11,2017-12-06,Wed,14:00:00,14.3
11,2017-12-06,Wed,14:30:00,4.8
11,2017-12-06,Wed,15:00:00,4.8
11,2017-12-06,Wed,15:30:00,4.8
11,2017-12-06,Wed,16:00:00,0.0
11,2017-12-06,Wed,16:30:00,0.0
11,2017-12-06,Wed,17:00:00,0.0
11,2017-12-06,Wed,17:30:00,0.0
11,2017-12-06,Wed,18:00:00,0.0
11,2017-12-06,Wed,18:30:00,0.0
11,2017-12-06,Wed,19:00:00,0.0
11,2017-12-06,Wed,19:30:00,0.0
11,2017-12-06,Wed,20:00:00,0.0
11,2017-12-06,Wed,20:30:00,0.0
11,2017-12-06,Wed,21:00:00,0.0
11,2017-12-06,Wed,21:30:00,0.0
11,2017-12-06,Wed,22:00:00,0.0
11,2017-12-06,Wed,22:30:00,0.0
11,2017-12-06,Wed,23:00:00,0.0
11,2017-12-06,Wed,23:30:00,0.0
11,2017-12-07,Thu,00:00:00,0.0
11,2017-12-07,Thu,00:30:00,0.0
11,2017-12-07,Thu,01:00:00,0.0
11,2017-12-07,Thu,01:30:00,0.0
11,2017-12-07,Thu,02:00:00,0.0
11,2017-12-07,Thu,02:30:00,0.0
11,2017-12-07,Thu,03:00:00,0.0
11,2017-12-07,Thu,03:30:00,0.0
11,2017-12-07,Thu,04:00:00,0.0
11,2017-12-07,Thu,04:30:00,0.0
11,2017-12-07,Thu,05:00:00,0.0
11,2017-12-07,Thu,05:30:00,0.0
11,2017-12-07,Thu,06:00:00,9.5
11,2017-12-07,Thu,06:30:00,9.5
11,2017-12-07,Thu,07:00:00,9.5
11,2017-12-07,Thu,07:30:00,9.5
11,2017-12-07,Thu,08:00:00,23.8
11,2017-12-07,Thu,08:30:00,19.0
11,2017-12-07,Thu,09:00:00,14.3
11,2017-12-07,Thu,09:30:00,14.3
11,2017-12-07,Thu,10:00:00,14.3
11,2017-12-07,Thu,10:30:00,14.3
11,2017-12-07,Thu,11:00:00,9.5
11,2017-12-07,Thu,11:30:00,14.3
11,2017-12-07,Thu,12:00:00,19.0
11,2017-12-07,Thu,12:30:00,9.5
11,2017-12-07,Thu,13:00:00,4.8
11,2017-12-07,Thu,13:30:00,4.8
11,2017-12-07,Thu,14:00:00,14.3
11,2017-12-07,Thu,14:30:00,14.3
11,2017-12-07,Thu,15:00:00,9.5
11,2017-12-07,Thu,15:30:00,14.3
11,2017-12-07,Thu,16:00:00,14.3
11,2017-12-07,Thu,16:30:00,14.3
11,2017-12-07,Thu,17:00:00,9.5
11,2017-12-07,Thu,17:30:00,9.5
11,2017-12-07,Thu,18:00:00,9.5
11,2017-12-07,Thu,18:30:00,9.5
11,2017-12-07,Thu,19:00:00,9.5
11,2017-12-07,Thu,19:30:00,9.5
11,2017-12-07,Thu,20:00:00,9.5
11,2017-12-07,Thu,20:30:00,9.5
11,2017-12-07,Thu,21:00:00,9.5
11,2017-12-07,Thu,21:30:00,4.8
11,2017-12-07,Thu,22:00:00,4.8
11,2017-12-07,Thu,22:30:00,4.8
11,2017-12-07,Thu,23:00:00,0.0
11,2017-12-07,Thu,23:30:00,0.0
11,2017-12-08,Fri,00:00:00,0.0
11,2017-12-08,Fri,00:30:00,0.0
11,2017-12-08,Fri,01:00:00,0.0
11,2017-12-08,Fri,01:30:00,0.0
11,2017-12-08,Fri,02:00:00,0.0
11,2017-12-08,Fri,02:30:00,0.0
11,2017-12-08,Fri,03:00:00,0.0
11,2017-12-08,Fri,03:30:00,0.0
11,2017-12-08,Fri,04:00:00,0.0
11,2017-12-08,Fri,04:30:00,0.0
11,2017-12-08,Fri,05:00:00,0.0
11,2017-12-08,Fri,05:30:00,4.8
11,2017-12-08,Fri,06:00:00,9.5
11,2017-12-08,Fri,06:30:00,9.5
11,2017-12-08,Fri,07:00:00,9.5
11,2017-12-08,Fri,07:30:00,9.5
11,2017-12-08,Fri,08:00:00,14.3
11,2017-12-08,Fri,08:30:00,14.3
11,2017-12-08,Fri,09:00:00,14.3
11,2017-12-08,Fri,09:30:00,23.8
11,2017-12-08,Fri,10:00:00,23.8
11,2017-12-08,Fri,10:30:00,14.3
11,2017-12-08,Fri,11:00:00,9.5
11,2017-12-08,Fri,11:30:00,14.3
11,2017-12-08,Fri,12:00:00,9.5
11,2017-12-08,Fri,12:30:00,9.5
11,2017-12-08,Fri,13:00:00,4.8
11,2017-12-08,Fri,13:30:00,0.0
11,2017-12-08,Fri,14:00:00,0.0
11,2017-12-08,Fri,14:30:00,0.0
11,2017-12-08,Fri,15:00:00,0.0
11,2017-12-08,Fri,15:30:00,4.8
11,2017-12-08,Fri,16:00:00,9.5
11,2017-12-08,Fri,16:30:00,9.5
11,2017-12-08,Fri,17:00:00,4.8
11,2017-12-08,Fri,17:30:00,4.8
11,2017-12-08,Fri,18:00:00,4.8
11,2017-12-08,Fri,18:30:00,4.8
11,2017-12-08,Fri,19:00:00,4.8
11,2017-12-08,Fri,19:30:00,4.8
11,2017-12-08,Fri,20:00:00,4.8
11,2017-12-08,Fri,20:30:00,4.8
11,2017-12-08,Fri,21:00:00,4.8
11,2017-12-08,Fri,21:30:00,0.0
11,2017-12-08,Fri,22:00:00,0.0
11,2017-12-08,Fri,22:30:00,0.0
11,2017-12-08,Fri,23:00:00,0.0
11,2017-12-08,Fri,23:30:00,0.0
11,2017-12-09,Sat,00:00:00,0.0
11,2017-12-09,Sat,00:30:00,0.0
11,2017-12-09,Sat,01:00:00,0.0
11,2017-12-09,Sat,01:30:00,0.0
11,2017-12-09,Sat,02:00:00,0.0
11,2017-12-09,Sat,02:30:00,0.0
11,2017-12-09,Sat,03:00:00,0.0
11,2017-12-09,Sat,03:30:00,0.0
11,2017-12-09,Sat,04:00:00,0.0
11,2017-12-09,Sat,04:30:00,0.0
11,2017-12-09,Sat,05:00:00,0.0
11,2017-12-09,Sat,05:30:00,0.0
11,2017-12-09,Sat,06:00:00,0.0
11,2017-12-09,Sat,06:30:00,0.0
11,2017-12-09,Sat,07:00:00,0.0
11,2017-12-09,Sat,07:30:00,0.0
11,2017-12-09,Sat,08:00:00,0.0
11,2017-12-09,Sat,08:30:00,0.0
11,2017-12-09,Sat,09:00:00,0.0
11,2017-12-09,Sat,09:30:00,0.0
11,2017-12-09,Sat,10:00:00,0.0
11,2017-12-09,Sat,10:30:00,0.0
11,2017-12-09,Sat,11:00:00,0.0
11,2017-12-09,Sat,11:30:00,0.0
11,2017-12-09,Sat,12:00:00,0.0
11,2017-12-09,Sat,12:30:00,0.0
11,2017-12-09,Sat,13:00:00,0.0
11,2017-12-09,Sat,13:30:00,0.0
11,2017-12-09,Sat,14:00:00,0.0
11,2017-12-09,Sat,14:30:00,0.0
11,2017-12-09,Sat,15:00:00,0.0
11,2017-12-09,Sat,15:30:00,0.0
11,2017-12-09,Sat,16:00:00,0.0
11,2017-12-09,Sat,16:30:00,0.0
11,2017-12-09,Sat,17:00:00,0.0
11,2017-12-09,Sat,17:30:00,0.0
11,2017-12-09,Sat,18:00:00,0.0
11,2017-12-09,Sat,18:30:00,0.0
11,2017-12-09,Sat,19:00:00,0.0
11,2017-12-09,Sat,19:30:00,0.0
11,2017-12-09,Sat,20:00:00,0.0
11,2017-12-09,Sat,20:30:00,0.0
11,2017-12-09,Sat,21:00:00,0.0
11,2017-12-09,Sat,21:30:00,0.0
11,2017-12-09,Sat,22:00:00,0.0
11,2017-12-09,Sat,22:30:00,0.0
11,2017-12-09,Sat,23:00:00,0.0
11,2017-12-09,Sat,23:30:00,0.0
11,2017-12-10,Sun,00:00:00,0.0
11,2017-12-10,Sun,00:30:00,0.0
11,2017-12-10,Sun,01:00:00,0.0
11,2017-12-10,Sun,01:30:00,0.0
11,2017-12-10,Sun,02:00:00,0.0
11,2017-12-10,Sun,02:30:00,0.0
11,2017-12-10,Sun,03:00:00,0.0
11,2017-12-10,Sun,03:30:00,0.0
11,2017-12-10,Sun,04:00:00,0.0
11,2017-12-10,Sun,04:30:00,0.0
11,2017-12-10,Sun,05:00:00,0.0
11,2017-12-10,Sun,05:30:00,0.0
11,2017-12-10,Sun,06:00:00,4.8
11,2017-12-10,Sun,06:30:00,4.8
11,2017-12-10,Sun,07:00:00,4.8
11,2017-12-10,Sun,07:30:00,0.0
11,2017-12-10,Sun,08:00:00,0.0
11,2017-12-10,Sun,08:30:00,0.0
11,2017-12-10,Sun,09:00:00,0.0
11,2017-12-10,Sun,09:30:00,0.0
11,2017-12-10,Sun,10:00:00,9.5
11,2017-12-10,Sun,10:30:00,9.5
11,2017-12-10,Sun,11:00:00,9.5
11,2017-12-10,Sun,11:30:00,9.5
11,2017-12-10,Sun,12:00:00,9.5
11,2017-12-10,Sun,12:30:00,9.5
11,2017-12-10,Sun,13:00:00,9.5
11,2017-12-10,Sun,13:30:00,9.5
11,2017-12-10,Sun,14:00:00,9.5
11,2017-12-10,Sun,14:30:00,9.5
11,2017-12-10,Sun,15:00:00,9.5
11,2017-12-10,Sun,15:30:00,0.0
11,2017-12-10,Sun,16:00:00,0.0
11,2017-12-10,Sun,16:30:00,0.0
11,2017-12-10,Sun,17:00:00,0.0
11,2017-12-10,Sun,17:30:00,0.0
11,2017-12-10,Sun,18:00:00,0.0
11,2017-12-10,Sun,18:30:00,0.0
11,2017-12-10,Sun,19:00:00,0.0
11,2017-12-10,Sun,19:30:00,0.0
11,2017-12-10,Sun,20:00:00,0.0
11,2017-12-10,Sun,20:30:00,0.0
11,2017-12-10,Sun,21:00:00,0.0
11,2017-12-10,Sun,21:30:00,0.0
11,2017-12-10,Sun,22:00:00,0.0
11,2017-12-10,Sun,22:30:00,0.0
11,2017-12-10,Sun,23:00:00,0.0
11,2017-12-10,Sun,23:30:00,0.0
11,2017-12-11,Mon,00:00:00,0.0
11,2017-12-11,Mon,00:30:00,0.0
11,2017-12-11,Mon,01:00:00,0.0
11,2017-12-11,Mon,01:30:00,0.0
11,2017-12-11,Mon,02:00:00,0.0
11,2017-12-11,Mon,02:30:00,0.0
11,2017-12-11,Mon,03:00:00,0.0
11,2017-12-11,Mon,03:30:00,0.0
11,2017-12-11,Mon,04:00:00,0.0
11,2017-12-11,Mon,04:30:00,0.0
11,2017-12-11,Mon,05:00:00,0.0
11,2017-12-11,Mon,05:30:00,0.0
11,2017-12-11,Mon,06:00:00,4.8
11,2017-12-11,Mon,06:30:00,4.8
11,2017-12-11,Mon,07:00:00,4.8
11,2017-12-11,Mon,07:30:00,9.5
11,2017-12-11,Mon,08:00:00,23.8
11,2017-12-11,Mon,08:30:00,23.8
11,2017-12-11,Mon,09:00:00,19.0
11,2017-12-11,Mon,09:30:00,19.0
11,2017-12-11,Mon,10:00:00,23.8
11,2017-12-11,Mon,10:30:00,23.8
11,2017-12-11,Mon,11:00:00,23.8
11,2017-12-11,Mon,11:30:00,19.0
11,2017-12-11,Mon,12:00:00,23.8
11,2017-12-11,Mon,12:30:00,23.8
11,2017-12-11,Mon,13:00:00,14.3
11,2017-12-11,Mon,13:30:00,9.5
11,2017-12-11,Mon,14:00:00,4.8
11,2017-12-11,Mon,14:30:00,4.8
11,2017-12-11,Mon,15:00:00,4.8
11,2017-12-11,Mon,15:30:00,4.8
11,2017-12-11,Mon,16:00:00,4.8
11,2017-12-11,Mon,16:30:00,4.8
11,2017-12-11,Mon,17:00:00,4.8
11,2017-12-11,Mon,17:30:00,0.0
11,2017-12-11,Mon,18:00:00,0.0
11,2017-12-11,Mon,18:30:00,0.0
11,2017-12-11,Mon,19:00:00,0.0
11,2017-12-11,Mon,19:30:00,0.0
11,2017-12-11,Mon,20:00:00,0.0
11,2017-12-11,Mon,20:30:00,0.0
11,2017-12-11,Mon,21:00:00,0.0
11,2017-12-11,Mon,21:30:00,0.0
11,2017-12-11,Mon,22:00:00,0.0
11,2017-12-11,Mon,22:30:00,0.0
11,2017-12-11,Mon,23:00:00,0.0
11,2017-12-11,Mon,23:30:00,0.0
11,2017-12-12,Tue,00:00:00,0.0
11,2017-12-12,Tue,00:30:00,0.0
11,2017-12-12,Tue,01:00:00,0.0
11,2017-12-12,Tue,01:30:00,0.0
11,2017-12-12,Tue,02:00:00,0.0
11,2017-12-12,Tue,02:30:00,0.0
11,2017-12-12,Tue,03:00:00,0.0
11,2017-12-12,Tue,03:30:00,0.0
11,2017-12-12,Tue,04:00:00,0.0
11,2017-12-12,Tue,04:30:00,0.0
11,2017-12-12,Tue,05:00:00,0.0
11,2017-12-12,Tue,05:30:00,0.0
11,2017-12-12,Tue,06:00:00,4.8
11,2017-12-12,Tue,06:30:00,4.8
11,2017-12-12,Tue,07:00:00,4.8
11,2017-12-12,Tue,07:30:00,9.5
11,2017-12-12,Tue,08:00:00,9.5
11,2017-12-12,Tue,08:30:00,9.5
11,2017-12-12,Tue,09:00:00,9.5
11,2017-12-12,Tue,09:30:00,23.8
11,2017-12-12,Tue,10:00:00,28.6
11,2017-12-12,Tue,10:30:00,23.8
11,2017-12-12,Tue,11:00:00,19.0
11,2017-12-12,Tue,11:30:00,19.0
11,2017-12-12,Tue,12:00:00,19.0
11,2017-12-12,Tue,12:30:00,19.0
11,2017-12-12,Tue,13:00:00,14.3
11,2017-12-12,Tue,13:30:00,9.5
11,2017-12-12,Tue,14:00:00,28.6
11,2017-12-12,Tue,14:30:00,14.3
11,2017-12-12,Tue,15:00:00,14.3
11,2017-12-12,Tue,15:30:00,9.5
11,2017-12-12,Tue,16:00:00,19.0
11,2017-12-12,Tue,16:30:00,19.0
11,2017-12-12,Tue,17:00:00,19.0
11,2017-12-12,Tue,17:30:00,19.0
11,2017-12-12,Tue,18:00:00,14.3
11,2017-12-12,Tue,18:30:00,4.8
11,2017-12-12,Tue,19:00:00,4.8
11,2017-12-12,Tue,19:30:00,4.8
11,2017-12-12,Tue,20:00:00,4.8
11,2017-12-12,Tue,20:30:00,4.8
11,2017-12-12,Tue,21:00:00,4.8
11,2017-12-12,Tue,21:30:00,0.0
11,2017-12-12,Tue,22:00:00,0.0
11,2017-12-12,Tue,22:30:00,0.0
11,2017-12-12,Tue,23:00:00,0.0
11,2017-12-12,Tue,23:30:00,0.0
11,2017-12-13,Wed,00:00:00,0.0
11,2017-12-13,Wed,00:30:00,0.0
11,2017-12-13,Wed,01:00:00,0.0
11,2017-12-13,Wed,01:30:00,0.0
11,2017-12-13,Wed,02:00:00,0.0
11,2017-12-13,Wed,02:30:00,0.0
11,2017-12-13,Wed,03:00:00,0.0
11,2017-12-13,Wed,03:30:00,0.0
11,2017-12-13,Wed,04:00:00,0.0
11,2017-12-13,Wed,04:30:00,0.0
11,2017-12-13,Wed,05:00:00,0.0
11,2017-12-13,Wed,05:30:00,0.0
11,2017-12-13,Wed,06:00:00,4.8
11,2017-12-13,Wed,06:30:00,0.0
11,2017-12-13,Wed,07:00:00,0.0
11,2017-12-13,Wed,07:30:00,14.3
11,2017-12-13,Wed,08:00:00,33.3
11,2017-12-13,Wed,08:30:00,33.3
11,2017-12-13,Wed,09:00:00,33.3
11,2017-12-13,Wed,09:30:00,33.3
11,2017-12-13,Wed,10:00:00,28.6
11,2017-12-13,Wed,10:30:00,28.6
11,2017-12-13,Wed,11:00:00,28.6
11,2017-12-13,Wed,11:30:00,14.3
11,2017-12-13,Wed,12:00:00,14.3
11,2017-12-13,Wed,12:30:00,9.5
11,2017-12-13,Wed,13:00:00,4.8
11,2017-12-13,Wed,13:30:00,4.8
11,2017-12-13,Wed,14:00:00,4.8
11,2017-12-13,Wed,14:30:00,4.8
11,2017-12-13,Wed,15:00:00,4.8
11,2017-12-13,Wed,15:30:00,4.8
11,2017-12-13,Wed,16:00:00,9.5
11,2017-12-13,Wed,16:30:00,4.8
11,2017-12-13,Wed,17:00:00,4.8
11,2017-12-13,Wed,17:30:00,4.8
11,2017-12-13,Wed,18:00:00,4.8
11,2017-12-13,Wed,18:30:00,4.8
11,2017-12-13,Wed,19:00:00,4.8
11,2017-12-13,Wed,19:30:00,0.0
11,2017-12-13,Wed,20:00:00,0.0
11,2017-12-13,Wed,20:30:00,0.0
11,2017-12-13,Wed,21:00:00,0.0
11,2017-12-13,Wed,21:30:00,0.0
11,2017-12-13,Wed,22:00:00,0.0
11,2017-12-13,Wed,22:30:00,0.0
11,2017-12-13,Wed,23:00:00,0.0
11,2017-12-13,Wed,23:30:00,0.0
11,2017-12-14,Thu,00:00:00,0.0
11,2017-12-14,Thu,00:30:00,0.0
11,2017-12-14,Thu,01:00:00,0.0
11,2017-12-14,Thu,01:30:00,0.0
11,2017-12-14,Thu,02:00:00,0.0
11,2017-12-14,Thu,02:30:00,0.0
11,2017-12-14,Thu,03:00:00,0.0
11,2017-12-14,Thu,03:30:00,0.0
11,2017-12-14,Thu,04:00:00,0.0
11,2017-12-14,Thu,04:30:00,0.0
11,2017-12-14,Thu,05:00:00,0.0
11,2017-12-14,Thu,05:30:00,0.0
11,2017-12-14,Thu,06:00:00,4.8
11,2017-12-14,Thu,06:30:00,4.8
11,2017-12-14,Thu,07:00:00,4.8
11,2017-12-14,Thu,07:30:00,19.0
11,2017-12-14,Thu,08:00:00,19.0
11,2017-12-14,Thu,08:30:00,19.0
11,2017-12-14,Thu,09:00:00,14.3
11,2017-12-14,Thu,09:30:00,23.8
11,2017-12-14,Thu,10:00:00,28.6
11,2017-12-14,Thu,10:30:00,28.6
11,2017-12-14,Thu,11:00:00,23.8
11,2017-12-14,Thu,11:30:00,19.0
11,2017-12-14,Thu,12:00:00,19.0
11,2017-12-14,Thu,12:30:00,19.0
11,2017-12-14,Thu,13:00:00,19.0
11,2017-12-14,Thu,13:30:00,19.0
11,2017-12-14,Thu,14:00:00,23.8
11,2017-12-14,Thu,14:30:00,23.8
11,2017-12-14,Thu,15:00:00,23.8
11,2017-12-14,Thu,15:30:00,19.0
11,2017-12-14,Thu,16:00:00,19.0
11,2017-12-14,Thu,16:30:00,14.3
11,2017-12-14,Thu,17:00:00,14.3
11,2017-12-14,Thu,17:30:00,19.0
11,2017-12-14,Thu,18:00:00,19.0
11,2017-12-14,Thu,18:30:00,14.3
11,2017-12-14,Thu,19:00:00,14.3
11,2017-12-14,Thu,19:30:00,14.3
11,2017-12-14,Thu,20:00:00,9.5
11,2017-12-14,Thu,20:30:00,4.8
11,2017-12-14,Thu,21:00:00,4.8
11,2017-12-14,Thu,21:30:00,0.0
11,2017-12-14,Thu,22:00:00,0.0
11,2017-12-14,Thu,22:30:00,0.0
11,2017-12-14,Thu,23:00:00,0.0
11,2017-12-14,Thu,23:30:00,0.0
11,2017-12-15,Fri,00:00:00,0.0
11,2017-12-15,Fri,00:30:00,0.0
11,2017-12-15,Fri,01:00:00,0.0
11,2017-12-15,Fri,01:30:00,0.0
11,2017-12-15,Fri,02:00:00,0.0
11,2017-12-15,Fri,02:30:00,0.0
11,2017-12-15,Fri,03:00:00,0.0
11,2017-12-15,Fri,03:30:00,0.0
11,2017-12-15,Fri,04:00:00,0.0
11,2017-12-15,Fri,04:30:00,0.0
11,2017-12-15,Fri,05:00:00,0.0
11,2017-12-15,Fri,05:30:00,4.8
11,2017-12-15,Fri,06:00:00,4.8
11,2017-12-15,Fri,06:30:00,4.8
11,2017-12-15,Fri,07:00:00,0.0
11,2017-12-15,Fri,07:30:00,9.5
11,2017-12-15,Fri,08:00:00,9.5
11,2017-12-15,Fri,08:30:00,9.5
11,2017-12-15,Fri,09:00:00,9.5
11,2017-12-15,Fri,09:30:00,14.3
11,2017-12-15,Fri,10:00:00,9.5
11,2017-12-15,Fri,10:30:00,9.5
11,2017-12-15,Fri,11:00:00,4.8
11,2017-12-15,Fri,11:30:00,9.5
11,2017-12-15,Fri,12:00:00,9.5
11,2017-12-15,Fri,12:30:00,9.5
11,2017-12-15,Fri,13:00:00,0.0
11,2017-12-15,Fri,13:30:00,0.0
11,2017-12-15,Fri,14:00:00,9.5
11,2017-12-15,Fri,14:30:00,9.5
11,2017-12-15,Fri,15:00:00,9.5
11,2017-12-15,Fri,15:30:00,9.5
11,2017-12-15,Fri,16:00:00,4.8
11,2017-12-15,Fri,16:30:00,0.0
11,2017-12-15,Fri,17:00:00,0.0
11,2017-12-15,Fri,17:30:00,0.0
11,2017-12-15,Fri,18:00:00,0.0
11,2017-12-15,Fri,18:30:00,0.0
11,2017-12-15,Fri,19:00:00,0.0
11,2017-12-15,Fri,19:30:00,0.0
11,2017-12-15,Fri,20:00:00,0.0
11,2017-12-15,Fri,20:30:00,0.0
11,2017-12-15,Fri,21:00:00,0.0
11,2017-12-15,Fri,21:30:00,0.0
11,2017-12-15,Fri,22:00:00,0.0
11,2017-12-15,Fri,22:30:00,0.0
11,2017-12-15,Fri,23:00:00,0.0
11,2017-12-15,Fri,23:30:00,0.0
11,2017-12-16,Sat,00:00:00,0.0
11,2017-12-16,Sat,00:30:00,0.0
11,2017-12-16,Sat,01:00:00,0.0
11,2017-12-16,Sat,01:30:00,0.0
11,2017-12-16,Sat,02:00:00,0.0
11,2017-12-16,Sat,02:30:00,0.0
11,2017-12-16,Sat,03:00:00,0.0
11,2017-12-16,Sat,03:30:00,0.0
11,2017-12-16,Sat,04:00:00,0.0
11,2017-12-16,Sat,04:30:00,0.0
11,2017-12-16,Sat,05:00:00,0.0
11,2017-12-16,Sat,05:30:00,0.0
11,2017-12-16,Sat,06:00:00,0.0
11,2017-12-16,Sat,06:30:00,0.0
11,2017-12-16,Sat,07:00:00,0.0
11,2017-12-16,Sat,07:30:00,0.0
11,2017-12-16,Sat,08:00:00,4.8
11,2017-12-16,Sat,08:30:00,4.8
11,2017-12-16,Sat,09:00:00,0.0
11,2017-12-16,Sat,09:30:00,0.0
11,2017-12-16,Sat,10:00:00,4.8
11,2017-12-16,Sat,10:30:00,4.8
11,2017-12-16,Sat,11:00:00,4.8
11,2017-12-16,Sat,11:30:00,4.8
11,2017-12-16,Sat,12:00:00,4.8
11,2017-12-16,Sat,12:30:00,0.0
11,2017-12-16,Sat,13:00:00,0.0
11,2017-12-16,Sat,13:30:00,0.0
11,2017-12-16,Sat,14:00:00,0.0
11,2017-12-16,Sat,14:30:00,0.0
11,2017-12-16,Sat,15:00:00,0.0
11,2017-12-16,Sat,15:30:00,0.0
11,2017-12-16,Sat,16:00:00,0.0
11,2017-12-16,Sat,16:30:00,0.0
11,2017-12-16,Sat,17:00:00,0.0
11,2017-12-16,Sat,17:30:00,0.0
11,2017-12-16,Sat,18:00:00,0.0
11,2017-12-16,Sat,18:30:00,0.0
11,2017-12-16,Sat,19:00:00,0.0
11,2017-12-16,Sat,19:30:00,0.0
11,2017-12-16,Sat,20:00:00,0.0
11,2017-12-16,Sat,20:30:00,0.0
11,2017-12-16,Sat,21:00:00,0.0
11,2017-12-16,Sat,21:30:00,0.0
11,2017-12-16,Sat,22:00:00,0.0
11,2017-12-16,Sat,22:30:00,0.0
11,2017-12-16,Sat,23:00:00,0.0
11,2017-12-16,Sat,23:30:00,0.0
11,2017-12-17,Sun,00:00:00,0.0
11,2017-12-17,Sun,00:30:00,0.0
11,2017-12-17,Sun,01:00:00,0.0
11,2017-12-17,Sun,01:30:00,0.0
11,2017-12-17,Sun,02:00:00,0.0
11,2017-12-17,Sun,02:30:00,0.0
11,2017-12-17,Sun,03:00:00,0.0
11,2017-12-17,Sun,03:30:00,0.0
11,2017-12-17,Sun,04:00:00,0.0
11,2017-12-17,Sun,04:30:00,0.0
11,2017-12-17,Sun,05:00:00,0.0
11,2017-12-17,Sun,05:30:00,0.0
11,2017-12-17,Sun,06:00:00,0.0
11,2017-12-17,Sun,06:30:00,0.0
11,2017-12-17,Sun,07:00:00,0.0
11,2017-12-17,Sun,07:30:00,0.0
11,2017-12-17,Sun,08:00:00,0.0
11,2017-12-17,Sun,08:30:00,0.0
11,2017-12-17,Sun,09:00:00,0.0
11,2017-12-17,Sun,09:30:00,0.0
11,2017-12-17,Sun,10:00:00,0.0
11,2017-12-17,Sun,10:30:00,0.0
11,2017-12-17,Sun,11:00:00,0.0
11,2017-12-17,Sun,11:30:00,0.0
11,2017-12-17,Sun,12:00:00,0.0
11,2017-12-17,Sun,12:30:00,0.0
11,2017-12-17,Sun,13:00:00,0.0
11,2017-12-17,Sun,13:30:00,0.0
11,2017-12-17,Sun,14:00:00,0.0
11,2017-12-17,Sun,14:30:00,0.0
11,2017-12-17,Sun,15:00:00,0.0
11,2017-12-17,Sun,15:30:00,0.0
11,2017-12-17,Sun,16:00:00,0.0
11,2017-12-17,Sun,16:30:00,0.0
11,2017-12-17,Sun,17:00:00,0.0
11,2017-12-17,Sun,17:30:00,0.0
11,2017-12-17,Sun,18:00:00,0.0
11,2017-12-17,Sun,18:30:00,0.0
11,2017-12-17,Sun,19:00:00,0.0
11,2017-12-17,Sun,19:30:00,0.0
11,2017-12-17,Sun,20:00:00,0.0
11,2017-12-17,Sun,20:30:00,0.0
11,2017-12-17,Sun,21:00:00,0.0
11,2017-12-17,Sun,21:30:00,0.0
11,2017-12-17,Sun,22:00:00,0.0
11,2017-12-17,Sun,22:30:00,0.0
11,2017-12-17,Sun,23:00:00,0.0
11,2017-12-17,Sun,23:30:00,0.0
11,2017-12-18,Mon,00:00:00,0.0
11,2017-12-18,Mon,00:30:00,0.0
11,2017-12-18,Mon,01:00:00,0.0
11,2017-12-18,Mon,01:30:00,0.0
11,2017-12-18,Mon,02:00:00,0.0
11,2017-12-18,Mon,02:30:00,0.0
11,2017-12-18,Mon,03:00:00,0.0
11,2017-12-18,Mon,03:30:00,0.0
11,2017-12-18,Mon,04:00:00,0.0
11,2017-12-18,Mon,04:30:00,0.0
11,2017-12-18,Mon,05:00:00,0.0
11,2017-12-18,Mon,05:30:00,0.0
11,2017-12-18,Mon,06:00:00,4.8
11,2017-12-18,Mon,06:30:00,4.8
11,2017-12-18,Mon,07:00:00,4.8
11,2017-12-18,Mon,07:30:00,9.5
11,2017-12-18,Mon,08:00:00,19.0
11,2017-12-18,Mon,08:30:00,14.3
11,2017-12-18,Mon,09:00:00,14.3
11,2017-12-18,Mon,09:30:00,19.0
11,2017-12-18,Mon,10:00:00,38.1
11,2017-12-18,Mon,10:30:00,33.3
11,2017-12-18,Mon,11:00:00,23.8
11,2017-12-18,Mon,11:30:00,19.0
11,2017-12-18,Mon,12:00:00,19.0
11,2017-12-18,Mon,12:30:00,19.0
11,2017-12-18,Mon,13:00:00,19.0
11,2017-12-18,Mon,13:30:00,19.0
11,2017-12-18,Mon,14:00:00,23.8
11,2017-12-18,Mon,14:30:00,19.0
11,2017-12-18,Mon,15:00:00,9.5
11,2017-12-18,Mon,15:30:00,9.5
11,2017-12-18,Mon,16:00:00,9.5
11,2017-12-18,Mon,16:30:00,4.8
11,2017-12-18,Mon,17:00:00,4.8
11,2017-12-18,Mon,17:30:00,0.0
11,2017-12-18,Mon,18:00:00,0.0
11,2017-12-18,Mon,18:30:00,0.0
11,2017-12-18,Mon,19:00:00,0.0
11,2017-12-18,Mon,19:30:00,0.0
11,2017-12-18,Mon,20:00:00,0.0
11,2017-12-18,Mon,20:30:00,0.0
11,2017-12-18,Mon,21:00:00,0.0
11,2017-12-18,Mon,21:30:00,0.0
11,2017-12-18,Mon,22:00:00,0.0
11,2017-12-18,Mon,22:30:00,0.0
11,2017-12-18,Mon,23:00:00,0.0
11,2017-12-18,Mon,23:30:00,0.0
11,2017-12-19,Tue,00:00:00,0.0
11,2017-12-19,Tue,00:30:00,0.0
11,2017-12-19,Tue,01:00:00,0.0
11,2017-12-19,Tue,01:30:00,0.0
11,2017-12-19,Tue,02:00:00,0.0
11,2017-12-19,Tue,02:30:00,0.0
11,2017-12-19,Tue,03:00:00,0.0
11,2017-12-19,Tue,03:30:00,0.0
11,2017-12-19,Tue,04:00:00,0.0
11,2017-12-19,Tue,04:30:00,0.0
11,2017-12-19,Tue,05:00:00,0.0
11,2017-12-19,Tue,05:30:00,0.0
11,2017-12-19,Tue,06:00:00,0.0
11,2017-12-19,Tue,06:30:00,0.0
11,2017-12-19,Tue,07:00:00,0.0
11,2017-12-19,Tue,07:30:00,9.5
11,2017-12-19,Tue,08:00:00,14.3
11,2017-12-19,Tue,08:30:00,14.3
11,2017-12-19,Tue,09:00:00,9.5
11,2017-12-19,Tue,09:30:00,19.0
11,2017-12-19,Tue,10:00:00,28.6
11,2017-12-19,Tue,10:30:00,23.8
11,2017-12-19,Tue,11:00:00,14.3
11,2017-12-19,Tue,11:30:00,9.5
11,2017-12-19,Tue,12:00:00,9.5
11,2017-12-19,Tue,12:30:00,9.5
11,2017-12-19,Tue,13:00:00,4.8
11,2017-12-19,Tue,13:30:00,4.8
11,2017-12-19,Tue,14:00:00,28.6
11,2017-12-19,Tue,14:30:00,28.6
11,2017-12-19,Tue,15:00:00,28.6
11,2017-12-19,Tue,15:30:00,23.8
11,2017-12-19,Tue,16:00:00,19.0
11,2017-12-19,Tue,16:30:00,19.0
11,2017-12-19,Tue,17:00:00,19.0
11,2017-12-19,Tue,17:30:00,28.6
11,2017-12-19,Tue,18:00:00,28.6
11,2017-12-19,Tue,18:30:00,19.0
11,2017-12-19,Tue,19:00:00,14.3
11,2017-12-19,Tue,19:30:00,9.5
11,2017-12-19,Tue,20:00:00,4.8
11,2017-12-19,Tue,20:30:00,4.8
11,2017-12-19,Tue,21:00:00,4.8
11,2017-12-19,Tue,21:30:00,4.8
11,2017-12-19,Tue,22:00:00,4.8
11,2017-12-19,Tue,22:30:00,4.8
11,2017-12-19,Tue,23:00:00,4.8
11,2017-12-19,Tue,23:30:00,0.0
11,2017-12-20,Wed,00:00:00,0.0
11,2017-12-20,Wed,00:30:00,0.0
11,2017-12-20,Wed,01:00:00,0.0
11,2017-12-20,Wed,01:30:00,0.0
11,2017-12-20,Wed,02:00:00,0.0
11,2017-12-20,Wed,02:30:00,0.0
11,2017-12-20,Wed,03:00:00,0.0
11,2017-12-20,Wed,03:30:00,0.0
11,2017-12-20,Wed,04:00:00,0.0
11,2017-12-20,Wed,04:30:00,0.0
11,2017-12-20,Wed,05:00:00,0.0
11,2017-12-20,Wed,05:30:00,4.8
11,2017-12-20,Wed,06:00:00,4.8
11,2017-12-20,Wed,06:30:00,4.8
11,2017-12-20,Wed,07:00:00,4.8
11,2017-12-20,Wed,07:30:00,14.3
11,2017-12-20,Wed,08:00:00,33.3
11,2017-12-20,Wed,08:30:00,19.0
11,2017-12-20,Wed,09:00:00,14.3
11,2017-12-20,Wed,09:30:00,28.6
11,2017-12-20,Wed,10:00:00,28.6
11,2017-12-20,Wed,10:30:00,28.6
11,2017-12-20,Wed,11:00:00,23.8
11,2017-12-20,Wed,11:30:00,33.3
11,2017-12-20,Wed,12:00:00,28.6
11,2017-12-20,Wed,12:30:00,23.8
11,2017-12-20,Wed,13:00:00,23.8
11,2017-12-20,Wed,13:30:00,23.8
11,2017-12-20,Wed,14:00:00,19.0
11,2017-12-20,Wed,14:30:00,9.5
11,2017-12-20,Wed,15:00:00,9.5
11,2017-12-20,Wed,15:30:00,4.8
11,2017-12-20,Wed,16:00:00,4.8
11,2017-12-20,Wed,16:30:00,0.0
11,2017-12-20,Wed,17:00:00,0.0
11,2017-12-20,Wed,17:30:00,0.0
11,2017-12-20,Wed,18:00:00,0.0
11,2017-12-20,Wed,18:30:00,0.0
11,2017-12-20,Wed,19:00:00,0.0
11,2017-12-20,Wed,19:30:00,0.0
11,2017-12-20,Wed,20:00:00,0.0
11,2017-12-20,Wed,20:30:00,0.0
11,2017-12-20,Wed,21:00:00,0.0
11,2017-12-20,Wed,21:30:00,0.0
11,2017-12-20,Wed,22:00:00,0.0
11,2017-12-20,Wed,22:30:00,0.0
11,2017-12-20,Wed,23:00:00,0.0
11,2017-12-20,Wed,23:30:00,0.0
11,2017-12-21,Thu,00:00:00,0.0
11,2017-12-21,Thu,00:30:00,0.0
11,2017-12-21,Thu,01:00:00,0.0
11,2017-12-21,Thu,01:30:00,0.0
11,2017-12-21,Thu,02:00:00,0.0
11,2017-12-21,Thu,02:30:00,0.0
11,2017-12-21,Thu,03:00:00,0.0
11,2017-12-21,Thu,03:30:00,0.0
11,2017-12-21,Thu,04:00:00,0.0
11,2017-12-21,Thu,04:30:00,0.0
11,2017-12-21,Thu,05:00:00,0.0
11,2017-12-21,Thu,05:30:00,4.8
11,2017-12-21,Thu,06:00:00,4.8
11,2017-12-21,Thu,06:30:00,4.8
11,2017-12-21,Thu,07:00:00,4.8
11,2017-12-21,Thu,07:30:00,9.5
11,2017-12-21,Thu,08:00:00,14.3
11,2017-12-21,Thu,08:30:00,14.3
11,2017-12-21,Thu,09:00:00,9.5
11,2017-12-21,Thu,09:30:00,23.8
11,2017-12-21,Thu,10:00:00,28.6
11,2017-12-21,Thu,10:30:00,28.6
11,2017-12-21,Thu,11:00:00,23.8
11,2017-12-21,Thu,11:30:00,28.6
11,2017-12-21,Thu,12:00:00,28.6
11,2017-12-21,Thu,12:30:00,23.8
11,2017-12-21,Thu,13:00:00,23.8
11,2017-12-21,Thu,13:30:00,23.8
11,2017-12-21,Thu,14:00:00,23.8
11,2017-12-21,Thu,14:30:00,19.0
11,2017-12-21,Thu,15:00:00,4.8
11,2017-12-21,Thu,15:30:00,14.3
11,2017-12-21,Thu,16:00:00,14.3
11,2017-12-21,Thu,16:30:00,14.3
11,2017-12-21,Thu,17:00:00,14.3
11,2017-12-21,Thu,17:30:00,14.3
11,2017-12-21,Thu,18:00:00,14.3
11,2017-12-21,Thu,18:30:00,14.3
11,2017-12-21,Thu,19:00:00,9.5
11,2017-12-21,Thu,19:30:00,9.5
11,2017-12-21,Thu,20:00:00,9.5
11,2017-12-21,Thu,20:30:00,4.8
11,2017-12-21,Thu,21:00:00,4.8
11,2017-12-21,Thu,21:30:00,4.8
11,2017-12-21,Thu,22:00:00,0.0
11,2017-12-21,Thu,22:30:00,0.0
11,2017-12-21,Thu,23:00:00,0.0
11,2017-12-21,Thu,23:30:00,0.0
11,2017-12-22,Fri,00:00:00,0.0
11,2017-12-22,Fri,00:30:00,0.0
11,2017-12-22,Fri,01:00:00,0.0
11,2017-12-22,Fri,01:30:00,0.0
11,2017-12-22,Fri,02:00:00,0.0
11,2017-12-22,Fri,02:30:00,0.0
11,2017-12-22,Fri,03:00:00,0.0
11,2017-12-22,Fri,03:30:00,0.0
11,2017-12-22,Fri,04:00:00,0.0
11,2017-12-22,Fri,04:30:00,0.0
11,2017-12-22,Fri,05:00:00,0.0
11,2017-12-22,Fri,05:30:00,4.8
11,2017-12-22,Fri,06:00:00,4.8
11,2017-12-22,Fri,06:30:00,4.8
11,2017-12-22,Fri,07:00:00,4.8
11,2017-12-22,Fri,07:30:00,4.8
11,2017-12-22,Fri,08:00:00,19.0
11,2017-12-22,Fri,08:30:00,14.3
11,2017-12-22,Fri,09:00:00,9.5
11,2017-12-22,Fri,09:30:00,14.3
11,2017-12-22,Fri,10:00:00,9.5
11,2017-12-22,Fri,10:30:00,9.5
11,2017-12-22,Fri,11:00:00,4.8
11,2017-12-22,Fri,11:30:00,9.5
11,2017-12-22,Fri,12:00:00,9.5
11,2017-12-22,Fri,12:30:00,9.5
11,2017-12-22,Fri,13:00:00,9.5
11,2017-12-22,Fri,13:30:00,9.5
11,2017-12-22,Fri,14:00:00,9.5
11,2017-12-22,Fri,14:30:00,9.5
11,2017-12-22,Fri,15:00:00,4.8
11,2017-12-22,Fri,15:30:00,9.5
11,2017-12-22,Fri,16:00:00,9.5
11,2017-12-22,Fri,16:30:00,4.8
11,2017-12-22,Fri,17:00:00,0.0
11,2017-12-22,Fri,17:30:00,0.0
11,2017-12-22,Fri,18:00:00,0.0
11,2017-12-22,Fri,18:30:00,0.0
11,2017-12-22,Fri,19:00:00,0.0
11,2017-12-22,Fri,19:30:00,0.0
11,2017-12-22,Fri,20:00:00,0.0
11,2017-12-22,Fri,20:30:00,0.0
11,2017-12-22,Fri,21:00:00,0.0
11,2017-12-22,Fri,21:30:00,0.0
11,2017-12-22,Fri,22:00:00,0.0
11,2017-12-22,Fri,22:30:00,0.0
11,2017-12-22,Fri,23:00:00,0.0
11,2017-12-22,Fri,23:30:00,0.0
11,2017-12-23,Sat,00:00:00,0.0
11,2017-12-23,Sat,00:30:00,0.0
11,2017-12-23,Sat,01:00:00,0.0
11,2017-12-23,Sat,01:30:00,0.0
11,2017-12-23,Sat,02:00:00,0.0
11,2017-12-23,Sat,02:30:00,0.0
11,2017-12-23,Sat,03:00:00,0.0
11,2017-12-23,Sat,03:30:00,0.0
11,2017-12-23,Sat,04:00:00,0.0
11,2017-12-23,Sat,04:30:00,0.0
11,2017-12-23,Sat,05:00:00,0.0
11,2017-12-23,Sat,05:30:00,0.0
11,2017-12-23,Sat,06:00:00,0.0
11,2017-12-23,Sat,06:30:00,0.0
11,2017-12-23,Sat,07:00:00,0.0
11,2017-12-23,Sat,07:30:00,0.0
11,2017-12-23,Sat,08:00:00,0.0
11,2017-12-23,Sat,08:30:00,0.0
11,2017-12-23,Sat,09:00:00,0.0
11,2017-12-23,Sat,09:30:00,0.0
11,2017-12-23,Sat,10:00:00,0.0
11,2017-12-23,Sat,10:30:00,0.0
11,2017-12-23,Sat,11:00:00,0.0
11,2017-12-23,Sat,11:30:00,0.0
11,2017-12-23,Sat,12:00:00,0.0
11,2017-12-23,Sat,12:30:00,0.0
11,2017-12-23,Sat,13:00:00,0.0
11,2017-12-23,Sat,13:30:00,0.0
11,2017-12-23,Sat,14:00:00,0.0
11,2017-12-23,Sat,14:30:00,0.0
11,2017-12-23,Sat,15:00:00,0.0
11,2017-12-23,Sat,15:30:00,0.0
11,2017-12-23,Sat,16:00:00,0.0
11,2017-12-23,Sat,16:30:00,0.0
11,2017-12-23,Sat,17:00:00,0.0
11,2017-12-23,Sat,17:30:00,0.0
11,2017-12-23,Sat,18:00:00,0.0
11,2017-12-23,Sat,18:30:00,0.0
11,2017-12-23,Sat,19:00:00,0.0
11,2017-12-23,Sat,19:30:00,0.0
11,2017-12-23,Sat,20:00:00,0.0
11,2017-12-23,Sat,20:30:00,0.0
11,2017-12-23,Sat,21:00:00,0.0
11,2017-12-23,Sat,21:30:00,0.0
11,2017-12-23,Sat,22:00:00,0.0
11,2017-12-23,Sat,22:30:00,0.0
11,2017-12-23,Sat,23:00:00,0.0
11,2017-12-23,Sat,23:30:00,0.0
11,2017-12-24,Sun,00:00:00,0.0
11,2017-12-24,Sun,00:30:00,0.0
11,2017-12-24,Sun,01:00:00,0.0
11,2017-12-24,Sun,01:30:00,0.0
11,2017-12-24,Sun,02:00:00,0.0
11,2017-12-24,Sun,02:30:00,0.0
11,2017-12-24,Sun,03:00:00,0.0
11,2017-12-24,Sun,03:30:00,0.0
11,2017-12-24,Sun,04:00:00,0.0
11,2017-12-24,Sun,04:30:00,0.0
11,2017-12-24,Sun,05:00:00,0.0
11,2017-12-24,Sun,05:30:00,0.0
11,2017-12-24,Sun,06:00:00,0.0
11,2017-12-24,Sun,06:30:00,0.0
11,2017-12-24,Sun,07:00:00,0.0
11,2017-12-24,Sun,07:30:00,0.0
11,2017-12-24,Sun,08:00:00,0.0
11,2017-12-24,Sun,08:30:00,0.0
11,2017-12-24,Sun,09:00:00,0.0
11,2017-12-24,Sun,09:30:00,0.0
11,2017-12-24,Sun,10:00:00,0.0
11,2017-12-24,Sun,10:30:00,0.0
11,2017-12-24,Sun,11:00:00,0.0
11,2017-12-24,Sun,11:30:00,0.0
11,2017-12-24,Sun,12:00:00,0.0
11,2017-12-24,Sun,12:30:00,0.0
11,2017-12-24,Sun,13:00:00,0.0
11,2017-12-24,Sun,13:30:00,0.0
11,2017-12-24,Sun,14:00:00,0.0
11,2017-12-24,Sun,14:30:00,0.0
11,2017-12-24,Sun,15:00:00,0.0
11,2017-12-24,Sun,15:30:00,0.0
11,2017-12-24,Sun,16:00:00,0.0
11,2017-12-24,Sun,16:30:00,0.0
11,2017-12-24,Sun,17:00:00,0.0
11,2017-12-24,Sun,17:30:00,0.0
11,2017-12-24,Sun,18:00:00,0.0
11,2017-12-24,Sun,18:30:00,0.0
11,2017-12-24,Sun,19:00:00,0.0
11,2017-12-24,Sun,19:30:00,0.0
11,2017-12-24,Sun,20:00:00,0.0
11,2017-12-24,Sun,20:30:00,0.0
11,2017-12-24,Sun,21:00:00,0.0
11,2017-12-24,Sun,21:30:00,0.0
11,2017-12-24,Sun,22:00:00,0.0
11,2017-12-24,Sun,22:30:00,0.0
11,2017-12-24,Sun,23:00:00,0.0
11,2017-12-24,Sun,23:30:00,0.0
