DATE;WEEKDAY;HOUR_OF_THE_DAY;TOTAL_TIME;TOTAL_OCCUPIED_TIME;TOTAL_VACANT_TIME;TOTAL_UNKNOWN_TIME;BLOCK_ID_COUNT;TOTAL_OCCUPIED_RATIO;TOTAL_UNKNOW_RATIO
24/07/12;1; 00:00:00;14875200;4895188;9771504;208508;201;0.333762241683401;0.0140171560718511
24/07/12;1; 01:00:00;14875200;4268641;10397759;208800;201;0.291048996345388;0.0140367860600194
24/07/12;1; 02:00:00;14875200;3827551;10828437;219212;201;0.261159534246344;0.0147367430353878
24/07/12;1; 03:00:00;14875200;3718955;10922245;234000;201;0.254006160697211;0.015730880929332
24/07/12;1; 04:00:00;14875200;3754309;10887523;233368;201;0.256409785332874;0.0156883941056255
24/07/12;1; 05:00:00;14875200;4096860;10534233;244107;201;0.280010522795529;0.0164103339787028
24/07/12;1; 06:00:00;14875200;4830969;9733958;310273;201;0.331685081566149;0.0208584086264386
24/07/12;1; 07:00:00;14875200;5577927;8370576;926697;201;0.399894311238991;0.0622981203614069
24/07/12;1; 08:00:00;14875200;6402550;7561692;910958;201;0.458496064448038;0.0612400505539421
24/07/12;1; 09:00:00;14875200;7634696;7031176;209328;201;0.52057566028123;0.0140722813810907
24/07/12;1; 10:00:00;14875200;8868692;5788539;217969;201;0.60507281354848;0.014653181133699
24/07/12;1; 11:00:00;14875200;9804797;4859074;211329;201;0.668636337567345;0.0142068005808325
24/07/12;1; 12:00:00;14875200;10310645;4350758;213797;201;0.703250909889047;0.0143727143164462
24/07/12;1; 13:00:00;14875200;10486495;4161495;227210;201;0.715899928932229;0.0152744164784339
24/07/12;1; 14:00:00;14875200;10046099;4605776;223325;201;0.685652791878173;0.0150132435194149
24/07/12;1; 15:00:00;14875200;9444607;4695105;735488;201;0.66794903601997;0.0494439066365494
24/07/12;1; 16:00:00;14875200;9280815;4125054;1469331;201;0.692294919486383;0.0987772265246854
24/07/12;1; 17:00:00;14875200;9643615;3768266;1463319;201;0.719035234505883;0.0983730638915779
24/07/12;1; 18:00:00;14875200;10949553;2973086;952561;201;0.78645671987904;0.0640368532860062
24/07/12;1; 19:00:00;14875200;11549360;3134234;191606;201;0.786548579319205;0.0128809024416478
24/07/12;1; 20:00:00;14875200;11319972;3356183;199045;201;0.771317283034964;0.0133809965580295
24/07/12;1; 21:00:00;14875200;10206504;4469860;198836;201;0.695438188913821;0.0133669463267721
24/07/12;1; 22:00:00;14875200;7979553;6703090;192557;201;0.543468434123202;0.0129448343551683
24/07/12;1; 23:00:00;14875200;5967205;8712024;195971;201;0.406506704132758;0.0131743438743681
25/07/12;2; 00:00:00;14875200;4952578;9720183;202439;201;0.337535519047847;0.0136091615574917
25/07/12;2; 01:00:00;14875200;4283455;10384052;207693;201;0.292037017606332;0.013962366892546
25/07/12;2; 02:00:00;14875200;3990856;10680570;203774;201;0.272015549136124;0.0136989082499731
25/07/12;2; 03:00:00;14875200;3918726;10747729;208745;201;0.267189719669818;0.0140330886307411
25/07/12;2; 04:00:00;14875200;3914490;10754308;206402;201;0.266858266096513;0.0138755781434871
25/07/12;2; 05:00:00;14875200;4175715;10476737;222748;201;0.284984042261323;0.0149744541249866
25/07/12;2; 06:00:00;14875200;4942177;9650732;282291;201;0.338669760772167;0.0189772910616328
25/07/12;2; 07:00:00;14875200;5726682;8238225;910293;201;0.410076629941037;0.0611953452726686
25/07/12;2; 08:00:00;14875200;6630929;7340330;903941;201;0.474612130517371;0.0607683258040228
25/07/12;2; 09:00:00;14875200;7795780;6866920;212500;201;0.531674248262598;0.0142855222114661
25/07/12;2; 10:00:00;14875200;9179335;5490782;205083;201;0.62571655018157;0.0137869070667957
25/07/12;2; 11:00:00;14875200;10068127;4605983;201090;201;0.686115001182354;0.0135184737011939
25/07/12;2; 12:00:00;14875200;11013751;3667326;194123;201;0.750200479161032;0.0130501102506185
25/07/12;2; 13:00:00;14875200;11134035;3547831;193334;201;0.758352855147976;0.0129970689469721
25/07/12;2; 14:00:00;14875200;10724004;3958218;192978;201;0.730407427431624;0.0129731364956438
25/07/12;2; 15:00:00;14875200;9967801;4197804;709595;201;0.703662215627218;0.0477032241583306
25/07/12;2; 16:00:00;14875200;9096730;4342070;1436400;201;0.676900467303628;0.0965634075508228
25/07/12;2; 17:00:00;14875200;9445970;3982578;1446652;201;0.70342452512364;0.0972526083682908
25/07/12;2; 18:00:00;14875200;10935726;2999952;939522;201;0.784728665515951;0.0631602936431107
25/07/12;2; 19:00:00;14875200;11810840;2887960;176400;201;0.803524097205214;0.0118586640851888
25/07/12;2; 20:00:00;14875200;11362324;3333939;178937;201;0.773143757702213;0.012029216413897
25/07/12;2; 21:00:00;14875200;9850520;4845968;178712;201;0.67026353507042;0.0120140905668495
25/07/12;2; 22:00:00;14875200;8264172;6438228;172800;201;0.562096800522364;0.0116166505324298
25/07/12;2; 23:00:00;14875200;6745632;7959941;169627;201;0.45871262547879;0.0114033424760675
26/07/12;3; 00:00:00;14875200;5668312;9021922;184966;201;0.385855800527071;0.0124345218887813
26/07/12;3; 01:00:00;14875200;4822900;9869727;182573;201;0.32825307550515;0.0122736501021835
26/07/12;3; 02:00:00;14875200;4172185;10526292;176723;201;0.283851517405511;0.0118803780789502
26/07/12;3; 03:00:00;14875200;3982279;10711834;181087;201;0.271011867133457;0.0121737522856836
26/07/12;3; 04:00:00;14875200;4043348;10645664;186188;201;0.275263441816237;0.0125166720447456
26/07/12;3; 05:00:00;14875200;4308117;10369083;198000;201;0.293524446079634;0.0133107454017425
26/07/12;3; 06:00:00;14875200;4964047;9659636;251517;201;0.339452585234513;0.016908478541465
26/07/12;3; 07:00:00;14875200;5700772;8293449;880979;201;0.407366154929238;0.0592246826933419
26/07/12;3; 08:00:00;14875200;6547884;7449027;878289;201;0.467809218762626;0.0590438447886415
26/07/12;3; 09:00:00;14875200;7811903;6883137;180160;201;0.531601343038195;0.0121114337958481
26/07/12;3; 10:00:00;14878800;9166157;5528210;184433;201;0.623787128768459;0.0123956905126758
26/07/12;3; 11:00:00;14878800;9928497;4758778;191525;201;0.675993130107525;0.012872341855526
26/07/12;3; 12:00:00;14878800;10576158;4111842;190800;201;0.720054330065359;0.0128236148076458
26/07/12;3; 13:00:00;14878800;10433345;4257790;187665;201;0.71017964234894;0.0126129123316396
26/07/12;3; 14:00:00;14878800;10156142;4533436;189222;201;0.6913841908869;0.01271755786757
26/07/12;3; 15:00:00;14878800;9631612;4531387;715801;201;0.680054556241937;0.0481087856547571
26/07/12;3; 16:00:00;14878800;9215927;4215757;1447116;201;0.686133399207426;0.0972602629244294
26/07/12;3; 17:00:00;14878800;9645250;3789538;1444012;201;0.717930941671726;0.0970516439497809
26/07/12;3; 18:00:00;14878800;11212730;2719625;946445;201;0.804797896694421;0.0636103045944565
26/07/12;3; 19:00:00;14878800;12061081;2628561;189158;201;0.821060240950732;0.0127132564454123
26/07/12;3; 20:00:00;14878800;11782685;2910689;185426;201;0.801904654438116;0.0124624297658413
26/07/12;3; 21:00:00;14878800;10456698;4241623;180479;201;0.711421256890498;0.0121299432749953
26/07/12;3; 22:00:00;14878800;8396839;6298357;183604;201;0.571400272578875;0.0123399736537893
26/07/12;3; 23:00:00;14878800;6721063;7976345;181392;201;0.457295803450513;0.0121913057504637
27/07/12;4; 00:00:00;14878800;5512838;9184082;181880;201;0.375101585910517;0.0122241040944162
27/07/12;4; 01:00:00;14878800;4708974;9986226;183600;201;0.320443001796505;0.0123397048149044
27/07/12;4; 02:00:00;14878800;4073601;10617797;187402;201;0.277277969053728;0.0125952361749603
27/07/12;4; 03:00:00;14878800;3880142;10807858;190800;201;0.264170887799564;0.0128236148076458
27/07/12;4; 04:00:00;14878800;3846789;10841211;190800;201;0.26190012254902;0.0128236148076458
27/07/12;4; 05:00:00;14878800;4074981;10600910;202909;201;0.277664981294832;0.013637457321827
27/07/12;4; 06:00:00;14878800;4790066;9829534;259200;201;0.327646857643164;0.0174207597386886
27/07/12;4; 07:00:00;14878800;5569399;8427401;882000;201;0.397905164037494;0.0592789741108154
27/07/12;4; 08:00:00;14878800;6657570;7343067;878163;201;0.475519078167658;0.059021090410517
27/07/12;4; 09:00:00;14878800;7971540;6721628;185632;201;0.542533781686836;0.0124762749684114
27/07/12;4; 10:00:00;14878800;9082586;5614481;181733;201;0.617986296177326;0.0122142242653977
27/07/12;4; 11:00:00;14878800;9979020;4709173;190607;201;0.679390582626467;0.0128106433314515
27/07/12;4; 12:00:00;14878800;10681172;4006828;190800;201;0.727203976034858;0.0128236148076458
27/07/12;4; 13:00:00;14878800;10692118;3998104;188578;201;0.727839102771898;0.0126742748071081
27/07/12;4; 14:00:00;14878800;10223547;4459627;195626;201;0.696276363679951;0.0131479689222249
27/07/12;4; 15:00:00;14878800;9755669;4411392;711739;201;0.688616290986536;0.0478357797671855
27/07/12;4; 16:00:00;14882400;9423210;4011990;1447200;201;0.701382190067881;0.0972423802612482
27/07/12;4; 17:00:00;14882400;9964686;3465903;1451811;201;0.741939612626073;0.0975522093210772
27/07/12;4; 18:00:00;14882400;11137198;2789651;955551;201;0.799692593780546;0.0642067811643283
27/07/12;4; 19:00:00;14886000;11992781;2702200;191019;201;0.816114086843664;0.0128321241434905
27/07/12;4; 20:00:00;14886000;12090820;2604380;190800;201;0.822773422614187;0.0128174123337364
27/07/12;4; 21:00:00;14886000;11680564;3013325;192111;201;0.794926652841872;0.0129054816606207
27/07/12;4; 22:00:00;14886000;10715067;3976533;194400;201;0.729332884097035;0.0130592503022975
27/07/12;4; 23:00:00;14886000;9264918;5431234;189848;201;0.630431557866304;0.0127534596264947
28/07/12;5; 00:00:00;14886000;8027837;6673863;184300;201;0.546048212111525;0.0123807604460567
28/07/12;5; 01:00:00;14886000;6545465;8147452;193083;201;0.445484378629512;0.0129707779121322
28/07/12;5; 02:00:00;14886000;4786291;9908165;191544;201;0.32572087051062;0.0128673921805724
28/07/12;5; 03:00:00;14886000;4187281;10507919;190800;201;0.284942089934128;0.0128174123337364
28/07/12;5; 04:00:00;14886000;4066425;10628775;190800;201;0.27671790788829;0.0128174123337364
28/07/12;5; 05:00:00;14886000;4064149;10630210;191641;201;0.276578855872515;0.0128739083702808
28/07/12;5; 06:00:00;14886000;4433960;10261240;190800;201;0.301728455550112;0.0128174123337364
28/07/12;5; 07:00:00;14889600;4936214;9762506;190880;201;0.335826112749954;0.0128196862239415
28/07/12;5; 08:00:00;14889600;5530494;9161740;197366;201;0.376422945618753;0.0132552922845476
28/07/12;5; 09:00:00;14889600;6422153;8270208;197239;201;0.437108304104425;0.0132467628411777
28/07/12;5; 10:00:00;14889600;7701280;6994952;193368;201;0.52403092166754;0.0129867827208253
28/07/12;5; 11:00:00;14889600;8923899;5767701;198000;201;0.607415053499959;0.0132978723404255
28/07/12;5; 12:00:00;14889600;9868797;4818518;202285;201;0.671926557032378;0.0135856571029443
28/07/12;5; 13:00:00;14889600;10227115;4457285;205200;201;0.696461210536351;0.0137814313346228
28/07/12;5; 14:00:00;14889600;10298542;4387784;203274;201;0.701233378586312;0.013652079303675
28/07/12;5; 15:00:00;14889600;9932568;4755432;201600;201;0.676236928104575;0.0135396518375242
28/07/12;5; 16:00:00;14889600;9554229;5133162;202209;201;0.650505525453772;0.0135805528691167
28/07/12;5; 17:00:00;14889600;9777918;4910082;201600;201;0.665707924836601;0.0135396518375242
28/07/12;5; 18:00:00;14889600;10811100;3884100;194400;201;0.735689204638249;0.0130560928433269
28/07/12;5; 19:00:00;14889600;11520116;3175084;194400;201;0.783937340083837;0.0130560928433269
28/07/12;5; 20:00:00;14889600;11792253;2899960;197387;201;0.802619251436118;0.0132567026649473
28/07/12;5; 21:00:00;14889600;11621419;3070181;198000;201;0.791024735222848;0.0132978723404255
28/07/12;5; 22:00:00;14889600;11172984;3520028;196588;201;0.760428426792274;0.0132030410487857
28/07/12;5; 23:00:00;14893200;10572689;4125213;195298;201;0.719333208236114;0.0131132328848065
29/07/12;6; 00:00:00;14893200;9683655;5010950;198595;201;0.658993896059132;0.01333460908334
29/07/12;6; 01:00:00;14893200;8148769;6544878;199553;201;0.554577702867096;0.0133989337415733
29/07/12;6; 02:00:00;14893200;5838586;8853014;201600;201;0.397409812409812;0.0135363790186125
29/07/12;6; 03:00:00;14893200;4950793;9738077;204330;201;0.337043829784047;0.0137196841511562
29/07/12;6; 04:00:00;14893200;4864527;9826835;201838;201;0.331114773429448;0.013552359466065
29/07/12;6; 05:00:00;14893200;5495325;9189340;208535;201;0.374222020046082;0.0140020277710633
29/07/12;6; 06:00:00;14893200;6167962;8516438;208800;201;0.420035003132576;0.0140198211264201
29/07/12;6; 07:00:00;14893200;6755618;7924324;213258;201;0.460193780057169;0.0143191523648376
29/07/12;6; 08:00:00;14893200;7927554;6744223;221423;201;0.540326778412731;0.0148673891440389
29/07/12;6; 09:00:00;14893200;9362672;5310506;220022;201;0.638080721163473;0.014773319367228
29/07/12;6; 10:00:00;14893200;10806480;3867120;219600;201;0.736457311089303;0.0147449842881315
29/07/12;6; 11:00:00;14893200;11745853;2918989;228358;201;0.800953259503239;0.0153330378964897
29/07/12;6; 12:00:00;14893200;12220794;2445391;227015;201;0.833263319670385;0.0152428625144361
29/07/12;6; 13:00:00;14893200;12456145;2217132;219923;201;0.848900010542975;0.0147666720382456
29/07/12;6; 14:00:00;14893200;12711045;1961755;220400;201;0.866299888228559;0.0147987000778879
29/07/12;6; 15:00:00;14893200;12641102;2027210;224888;201;0.86179664026781;0.0151000456584213
29/07/12;6; 16:00:00;14893200;11869461;2801488;222251;201;0.809045209004544;0.0149229849864368
29/07/12;6; 17:00:00;14893200;10848867;3826923;217410;201;0.739235639103585;0.0145979373136734
29/07/12;6; 18:00:00;14893200;10401013;4282852;209335;201;0.70832938058202;0.0140557435608197
29/07/12;6; 19:00:00;14893200;10297627;4375697;219876;201;0.701792381876117;0.0147635162355975
29/07/12;6; 20:00:00;14893200;9762624;4918666;211910;201;0.664970448782089;0.0142286412590981
29/07/12;6; 21:00:00;14893200;8594504;6094719;203977;201;0.585089081975269;0.0136959820589262
29/07/12;6; 22:00:00;14893200;7109513;7571010;212677;201;0.484281997310314;0.0142801412725271
29/07/12;6; 23:00:00;14893200;5796502;8880778;215920;201;0.394930259557629;0.0144978916552521
30/07/12;0; 00:00:00;14893200;4905792;9778286;209122;201;0.334089208733432;0.0140414417317971
30/07/12;0; 01:00:00;14896800;4408771;10277910;210119;201;0.300188381568307;0.0141049755652221
30/07/12;0; 02:00:00;14896800;4089338;10581000;226462;201;0.278748724126193;0.0152020568175716
30/07/12;0; 03:00:00;14896800;4019730;10650270;226800;201;0.274010224948875;0.0152247462542291
30/07/12;0; 04:00:00;14896800;3990466;10679534;226800;201;0.272015405589639;0.0152247462542291
30/07/12;0; 05:00:00;14896800;4221874;10438024;236902;201;0.287987951894345;0.015902878470544
30/07/12;0; 06:00:00;14896800;5019680;9580721;296399;201;0.343804255787221;0.0198968234788679
30/07/12;0; 07:00:00;14896800;5611833;8368622;916345;201;0.401405605182378;0.0615128752483755
30/07/12;0; 08:00:00;14896800;6369102;7619424;908274;201;0.455309015403052;0.0609710810375383
30/07/12;0; 09:00:00;14896800;7539314;7134736;222750;201;0.513785492076148;0.0149528757854036
30/07/12;0; 10:00:00;14896800;8714274;5968686;213840;201;0.593495725657497;0.0143547607539874
30/07/12;0; 11:00:00;14896800;9619751;5057449;219600;201;0.65542140190227;0.0147414209763171
30/07/12;0; 12:00:00;14900400;10189862;4490938;219600;201;0.694094463516975;0.0147378593863252
30/07/12;0; 13:00:00;14900400;10324664;4352649;223087;201;0.703443743415433;0.0149718799495316
30/07/12;0; 14:00:00;14900400;9906543;4776137;217720;201;0.674709453587492;0.0146116882768248
30/07/12;0; 15:00:00;14900400;9341188;4821144;738068;201;0.659579792367528;0.0495334353440176
30/07/12;0; 16:00:00;14900400;9053951;4367072;1479377;201;0.674609603157673;0.0992843816273389
30/07/12;0; 17:00:00;14900400;9460189;3962304;1477907;201;0.704801187082012;0.0991857265576763
30/07/12;0; 18:00:00;14900400;10471763;3457244;971393;201;0.751795372060621;0.0651924109419881
30/07/12;0; 19:00:00;14900400;11025623;3657554;217223;201;0.75090172923748;0.0145783334675579
30/07/12;0; 20:00:00;14900400;10833971;3843226;223203;201;0.738149866081378;0.0149796649754369
30/07/12;0; 21:00:00;14904000;9621313;5054479;228208;201;0.65559071701207;0.0153118625872249
30/07/12;0; 22:00:00;14907600;7797083;6880310;230207;201;0.531230784649563;0.0154422576403982
30/07/12;0; 23:00:00;14907600;6161561;8520955;225084;201;0.419652939591552;0.0150986074217178
31/07/12;1; 00:00:00;14907600;5044217;9640183;223200;201;0.343508553294653;0.0149722289302101
31/07/12;1; 01:00:00;14907600;4453568;10230832;223200;201;0.303285663697529;0.0149722289302101
31/07/12;1; 02:00:00;14907600;4063700;10617185;226715;201;0.276802113769027;0.0152080147039094
31/07/12;1; 03:00:00;14907600;3965915;10714885;226800;201;0.270142975859626;0.0152137164936006
31/07/12;1; 04:00:00;14907600;3984221;10696849;226530;201;0.271384919491563;0.0151956049263463
31/07/12;1; 05:00:00;14907600;4310439;10360183;236978;201;0.293814331798611;0.0158964554992085
31/07/12;1; 06:00:00;14907600;5058725;9559223;289652;201;0.346062593737507;0.0194298210308836
31/07/12;1; 07:00:00;14911200;5799601;8204399;907200;201;0.414138888888889;0.0608401738290681
31/07/12;1; 08:00:00;14911200;6686921;7320978;903301;201;0.477367876510246;0.0605786925264231
31/07/12;1; 09:00:00;14911200;7747026;6948449;215725;201;0.527170846808286;0.0144673131605773
31/07/12;1; 10:00:00;14918400;8877793;5822827;217780;201;0.603906025732248;0.0145980802230802
31/07/12;1; 11:00:00;14918400;9931145;4767046;220209;201;0.675671244168755;0.0147608992921493
31/07/12;1; 12:00:00;14918400;10635728;4060831;221841;201;0.72368831370663;0.0148702944015444
31/07/12;1; 13:00:00;14922000;10609829;4087245;224926;201;0.721900767458883;0.0150734485993835
31/07/12;1; 14:00:00;14922000;10325181;4373619;223200;201;0.702450608212915;0.0149577804583836
31/07/12;1; 15:00:00;14922000;9744164;4434053;743783;201;0.687263003521529;0.0498447259080552
31/07/12;1; 16:00:00;14925600;9324784;4118727;1482089;201;0.693627133566521;0.0992984536635043
31/07/12;1; 17:00:00;14929200;9781212;3664788;1483200;201;0.727443998215083;0.0993489269351338
31/07/12;1; 18:00:00;14932800;10963844;2989569;979387;201;0.785746397673458;0.0655862932604736
31/07/12;1; 19:00:00;14936400;11688508;3033336;214556;201;0.793956789652166;0.014364639404408
31/07/12;1; 20:00:00;14936400;11420511;3297426;218463;201;0.775958682252818;0.0146262151522455
31/07/12;1; 21:00:00;14940000;10176296;4543489;220215;201;0.691334554139208;0.0147399598393574
31/07/12;1; 22:00:00;14943600;7648381;7072837;222382;201;0.519548110760944;0.0148814208089082
31/07/12;1; 23:00:00;14947200;5943590;8777514;226096;201;0.403746213599197;0.0151263112823806
01/08/12;2; 00:00:00;14860800;4950152;9734974;175674;201;0.337086110122583;0.0118213016795866
01/08/12;2; 01:00:00;14860800;4379428;10308572;172800;201;0.298163671023965;0.0116279069767442
01/08/12;2; 02:00:00;14860800;3990838;10697162;172800;201;0.271707380174292;0.0116279069767442
01/08/12;2; 03:00:00;14860800;3858680;10826596;175524;201;0.2627584255141;0.0118112080103359
01/08/12;2; 04:00:00;14860800;3849610;10837787;173403;201;0.262102944449585;0.0116684835271318
01/08/12;2; 05:00:00;14860800;4091939;10581661;187200;201;0.278864014284157;0.0125968992248062
01/08/12;2; 06:00:00;14860800;4940612;9676347;243841;201;0.3380054633799;0.0164083360249785
01/08/12;2; 07:00:00;14860800;5689595;8309570;861635;201;0.406423883138744;0.0579803913652024
01/08/12;2; 08:00:00;14860800;6596690;7409072;855038;201;0.470998293416667;0.057536471791559
01/08/12;2; 09:00:00;14860800;7885616;6813597;161587;201;0.53646518354418;0.0108733715546942
01/08/12;2; 10:00:00;14860800;9147231;5557005;156564;201;0.622081351251435;0.0105353682170543
01/08/12;2; 11:00:00;14860800;10033109;4669291;158400;201;0.682413007400152;0.0106589147286822
01/08/12;2; 12:00:00;14860800;10699550;4002850;158400;201;0.727741729241484;0.0106589147286822
01/08/12;2; 13:00:00;14860800;10710941;3988140;161719;201;0.728680997131725;0.0108822539836348
01/08/12;2; 14:00:00;14864400;10364972;4334968;164460;201;0.705103014025908;0.011064018729313
01/08/12;2; 15:00:00;14864400;9795696;4388144;680560;201;0.690623695698767;0.0457845590807567
01/08/12;2; 16:00:00;14864400;9436612;4012988;1414800;201;0.70162770640019;0.0951804310971179
01/08/12;2; 17:00:00;14864400;9771244;3675518;1417638;201;0.726661481775315;0.0953713570678938
01/08/12;2; 18:00:00;14864400;11124283;2832235;907882;201;0.797067219775018;0.0610776082452033
01/08/12;2; 19:00:00;14864400;11721707;2991493;151200;201;0.796679648207052;0.0101719544683943
01/08/12;2; 20:00:00;14864400;11439210;3270214;154976;201;0.777678990013477;0.0104259842307796
01/08/12;2; 21:00:00;14864400;10275898;4434298;154204;201;0.69855615791931;0.0103740480611394
01/08/12;2; 22:00:00;14864400;8362161;6350612;151627;201;0.568360634667578;0.0102006808212911
01/08/12;2; 23:00:00;14864400;6439819;8269781;154800;201;0.437797016914124;0.0104141438604989
02/08/12;3; 00:00:00;14864400;5345735;9362800;155865;201;0.363444421895179;0.0104857915556632
02/08/12;3; 01:00:00;14864400;4616845;10092755;154800;201;0.313866114646217;0.0104141438604989
02/08/12;3; 02:00:00;14864400;4109056;10600544;154800;201;0.279345189536085;0.0104141438604989
02/08/12;3; 03:00:00;14864400;4030415;10676306;157679;201;0.274052591328822;0.0106078280993515
02/08/12;3; 04:00:00;14864400;4035442;10666958;162000;201;0.274475051692241;0.0108985226447082
02/08/12;3; 05:00:00;14864400;4288128;10399872;176400;201;0.291947712418301;0.0118672802131267
02/08/12;3; 06:00:00;14864400;5061264;9569136;234000;201;0.345941601049869;0.0157423104868007
02/08/12;3; 07:00:00;14864400;5745127;8262473;856800;201;0.4101435649219;0.0576410753209009
02/08/12;3; 08:00:00;14864400;6849501;7162666;852233;201;0.488825247372516;0.0573338311670838
02/08/12;3; 09:00:00;14868000;8190849;6516185;160966;201;0.5569341173754;0.0108263384449825
02/08/12;3; 10:00:00;14868000;9282217;5428122;157661;201;0.630999530330334;0.0106040489642185
02/08/12;3; 11:00:00;14868000;10148489;4557135;162376;201;0.690109375841515;0.0109211729889696
02/08/12;3; 12:00:00;14868000;10841723;3860706;165571;201;0.737410328592643;0.0111360640301318
02/08/12;3; 13:00:00;14868000;10944943;3753213;169844;201;0.744647355763539;0.011423459779392
02/08/12;3; 14:00:00;14868000;10757879;3937787;172334;201;0.73204433198196;0.0115909335485607
02/08/12;3; 15:00:00;14868000;9942110;4233925;691965;201;0.701332213132939;0.0465405569007264
02/08/12;3; 16:00:00;14868000;9179926;4258874;1429200;201;0.683091198618924;0.0961259079903148
02/08/12;3; 17:00:00;14868000;9502460;3934056;1431484;201;0.707211601578862;0.0962795264998655
02/08/12;3; 18:00:00;14868000;10853552;3090999;923449;201;0.778336426895351;0.0621098331988163
02/08/12;3; 19:00:00;14868000;11632859;3075566;159575;201;0.790897665793584;0.0107327818132903
02/08/12;3; 20:00:00;14868000;11411160;3297128;159712;201;0.775831966303624;0.0107419962335217
02/08/12;3; 21:00:00;14868000;10477370;4219154;171476;201;0.712914836188476;0.0115332257196664
02/08/12;3; 22:00:00;14868000;8550647;6141652;175701;201;0.581981553737778;0.0118173930589185
02/08/12;3; 23:00:00;14868000;6774005;7919530;174465;201;0.461019421126366;0.0117342615012107
03/08/12;4; 00:00:00;14868000;5459491;9233448;175061;201;0.37157242672824;0.0117743475921442
03/08/12;4; 01:00:00;14868000;4465167;10226433;176400;201;0.303926529445397;0.011864406779661
03/08/12;4; 02:00:00;14868000;3939475;10752125;176400;201;0.268144722154156;0.011864406779661
03/08/12;4; 03:00:00;14868000;3831624;10859976;176400;201;0.260803724577309;0.011864406779661
03/08/12;4; 04:00:00;14868000;3881182;10812330;174488;201;0.264142568502343;0.0117358084476729
03/08/12;4; 05:00:00;14868000;4100264;10581120;186616;201;0.27928320654238;0.0125515200430455
03/08/12;4; 06:00:00;14868000;4952455;9674345;241200;201;0.338587729373479;0.0162227602905569
03/08/12;4; 07:00:00;14868000;5614852;8388634;864514;201;0.400961017849413;0.0581459510357815
03/08/12;4; 08:00:00;14868000;6649841;7354549;863610;201;0.474839746679434;0.0580851493139629
03/08/12;4; 09:00:00;14868000;7987148;6714792;166060;201;0.543271704278483;0.011168953457089
03/08/12;4; 10:00:00;14868000;9151523;5554477;162000;201;0.622298585611315;0.0108958837772397
03/08/12;4; 11:00:00;14868000;10015895;4675751;176354;201;0.681740834212858;0.0118613128867366
03/08/12;4; 12:00:00;14868000;10582700;4099488;185812;201;0.720784940228255;0.0124974441754103
03/08/12;4; 13:00:00;14871600;10489351;4199473;182776;201;0.714104206027657;0.012290271389763
03/08/12;4; 14:00:00;14871600;9990897;4707346;173357;201;0.679734101552138;0.0116569165389064
03/08/12;4; 15:00:00;14871600;9392502;4784292;694806;201;0.662526520453073;0.0467203259904785
03/08/12;4; 16:00:00;14871600;9024172;4413498;1433930;201;0.671557792385138;0.0964206944780656
03/08/12;4; 17:00:00;14871600;9442721;3996079;1432800;201;0.702646144000952;0.0963447107237957
03/08/12;4; 18:00:00;14871600;10624692;3311913;934995;201;0.762358694961937;0.0628711772774954
03/08/12;4; 19:00:00;14871600;11611720;3079920;179960;201;0.790362410187018;0.0121009171844321
03/08/12;4; 20:00:00;14871600;11784577;2907023;180000;201;0.802130264913284;0.0121036068748487
03/08/12;4; 21:00:00;14871600;11340841;3349936;180823;201;0.771970127924479;0.0121589472551709
03/08/12;4; 22:00:00;14871600;10415850;4278490;177260;201;0.708834149747454;0.0119193630813093
03/08/12;4; 23:00:00;14871600;9287221;5401276;183103;201;0.632278510183853;0.012312259608919
04/08/12;5; 00:00:00;14871600;7917443;6775948;178209;201;0.53884382441058;0.011983175986444
04/08/12;5; 01:00:00;14871600;6524741;8166287;180572;201;0.444131002949555;0.0121420694478066
04/08/12;5; 02:00:00;14871600;4636099;10054084;181417;201;0.315591643752838;0.0121988891578579
04/08/12;5; 03:00:00;14871600;4027971;10657402;186227;201;0.274284555114807;0.0125223244304581
04/08/12;5; 04:00:00;14871600;3919506;10770306;181788;201;0.266817982422103;0.0122238360364722
04/08/12;5; 05:00:00;14871600;3896516;10792799;182285;201;0.265261926781473;0.0122572554398989
04/08/12;5; 06:00:00;14871600;4069175;10627771;174654;201;0.276872147451586;0.0117441297506657
04/08/12;5; 07:00:00;14871600;4612295;10079188;180117;201;0.31394345962215;0.0121114742193174
04/08/12;5; 08:00:00;14871600;5402539;9277348;191713;201;0.368023200723548;0.0128912154710993
04/08/12;5; 09:00:00;14871600;6231399;8461791;178410;201;0.42410116523369;0.0119966916807875
04/08/12;5; 10:00:00;14871600;7460397;7232929;178274;201;0.507740521104616;0.011987546733371
04/08/12;5; 11:00:00;14871600;8395144;6287271;189185;201;0.571782230648023;0.0127212270367681
04/08/12;5; 12:00:00;14871600;9065277;5622217;184106;201;0.617210601073267;0.0123797035961161
04/08/12;5; 13:00:00;14871600;9142816;5545184;183600;201;0.622468409586057;0.0123456790123457
04/08/12;5; 14:00:00;14871600;9119144;5564751;187705;201;0.621030319271556;0.0126217084913526
04/08/12;5; 15:00:00;14871600;8798894;5881003;191703;201;0.599383905759012;0.0128905430484951
04/08/12;5; 16:00:00;14871600;8812288;5870460;188852;201;0.60017974836863;0.0126988353640496
04/08/12;5; 17:00:00;14871600;9568107;5118173;185320;201;0.651499699038831;0.0124613357002609
04/08/12;5; 18:00:00;14871600;10495544;4195772;180284;201;0.714404618347328;0.0121227036768068
04/08/12;5; 19:00:00;14871600;11170477;3513923;187200;201;0.760703671923947;0.0125877511498427
04/08/12;5; 20:00:00;14871600;11377910;3307564;186126;201;0.774773085295034;0.0125155329621561
04/08/12;5; 21:00:00;14871600;11020459;3669166;181975;201;0.750220580852132;0.01223641033917
04/08/12;5; 22:00:00;14871600;10658481;4021235;191884;201;0.726068610591649;0.0129027138976304
04/08/12;5; 23:00:00;14871600;9689334;4998597;183669;201;0.659679978071792;0.0123503187283144
05/08/12;6; 00:00:00;14871600;8759289;5923367;188944;201;0.596573876007175;0.0127050216520079
05/08/12;6; 01:00:00;14871600;7276946;7400531;194123;201;0.495789978073207;0.0130532693187014
05/08/12;6; 02:00:00;14871600;5389380;9273698;208522;201;0.367547659502323;0.0140214906264289
05/08/12;6; 03:00:00;14871600;4669689;9999895;202016;201;0.31832456871306;0.0135840124801635
05/08/12;6; 04:00:00;14871600;4464340;10209260;198000;201;0.304242994220914;0.0133139675623336
05/08/12;6; 05:00:00;14871600;4447342;10219078;205180;201;0.303232963463476;0.0137967669921192
05/08/12;6; 06:00:00;14871600;4765551;9901386;204663;201;0.324917942989733;0.0137620027434842
05/08/12;6; 07:00:00;14871600;5278597;9391587;201416;201;0.359818049998555;0.013543667123914
05/08/12;6; 08:00:00;14871600;6291264;8381806;198530;201;0.428762624317883;0.013349605960354
05/08/12;6; 09:00:00;14871600;7791805;6883618;196177;201;0.530942447110383;0.0131913849215955
05/08/12;6; 10:00:00;14871600;9323105;5357695;190800;201;0.635054288594627;0.0128298232873396
05/08/12;6; 11:00:00;14871600;10252665;4423836;195099;201;0.698576929201313;0.0131188977648673
05/08/12;6; 12:00:00;14871600;10699617;3965803;206180;201;0.729581355324293;0.013864009252535
05/08/12;6; 13:00:00;14871600;10925369;3737252;208979;201;0.745117056493515;0.0140522203394389
05/08/12;6; 14:00:00;14871600;11129517;3534476;207607;201;0.758969061155444;0.0139599639581484
05/08/12;6; 15:00:00;14871600;11168259;3495741;207600;201;0.761610679214403;0.0139594932623255
05/08/12;6; 16:00:00;14871600;11207490;3459720;204390;201;0.764118738328557;0.0137436456063907
05/08/12;6; 17:00:00;14871600;10981535;3688466;201599;201;0.748570841951545;0.0135559724575701
05/08/12;6; 18:00:00;14871600;10799933;3882399;189268;201;0.735573408910792;0.0127268081443826
05/08/12;6; 19:00:00;14871600;10669924;4005729;195947;201;0.727049351739238;0.0131759192016999
05/08/12;6; 20:00:00;14871600;10083370;4586555;201675;201;0.687349798993519;0.0135610828693617
05/08/12;6; 21:00:00;14871600;8964868;5708577;198155;201;0.610958639910396;0.013324390112698
05/08/12;6; 22:00:00;14871600;7208356;7462498;200746;201;0.491338541028355;0.0134986148094354
05/08/12;6; 23:00:00;14871600;5570729;9089708;211163;201;0.379983829949953;0.0141990774361871
06/08/12;0; 00:00:00;14871600;4661690;9998758;211152;201;0.317977322384691;0.0141983377713225
06/08/12;0; 01:00:00;14871600;4280643;10382157;208800;201;0.291938988460594;0.0140401839748245
06/08/12;0; 02:00:00;14871600;3960079;10699397;212124;201;0.2701378275731;0.0142636972484467
06/08/12;0; 03:00:00;14871600;3865962;10793883;211755;201;0.263710973751769;0.0142388848543533
06/08/12;0; 04:00:00;14871600;3897245;10761955;212400;201;0.265856595175726;0.0142822561123215
06/08/12;0; 05:00:00;14871600;4161272;10481521;228807;201;0.284185674140173;0.0153854998789639
06/08/12;0; 06:00:00;14871600;4872795;9712310;286495;201;0.334093926646397;0.0192645713978321
06/08/12;0; 07:00:00;14871600;5638366;8330530;902704;201;0.403637195094015;0.0606998574464079
06/08/12;0; 08:00:00;14871600;6222194;7753504;895902;201;0.44521525865828;0.0602424755910595
06/08/12;0; 09:00:00;14871600;7469630;7200477;201493;201;0.509173518638957;0.0135488447779661
06/08/12;0; 10:00:00;14871600;8543356;6134794;193450;201;0.582045830026264;0.0130080152774416
06/08/12;0; 11:00:00;14871600;9538481;5126676;206443;201;0.650417925972426;0.0138816939670244
06/08/12;0; 12:00:00;14871600;10138003;4524930;208667;201;0.691403486601214;0.0140312407541892
06/08/12;0; 13:00:00;14871600;10176901;4489226;205473;201;0.693905146191629;0.013816468974421
06/08/12;0; 14:00:00;14871600;9877253;4794732;199615;201;0.673204954885109;0.0134225638129051
06/08/12;0; 15:00:00;14871600;9156966;4996038;718596;201;0.646998050731845;0.048320019365771
06/08/12;0; 16:00:00;14871600;8639972;4771944;1459684;201;0.644201171555205;0.0981524516528148
06/08/12;0; 17:00:00;14871600;8653005;4755015;1463580;201;0.645360388782236;0.0984144274993948
06/08/12;0; 18:00:00;14871600;9796519;4124648;950433;201;0.703713919960877;0.0639092632937949
06/08/12;0; 19:00:00;14871600;10271772;4404195;195633;201;0.699904272066025;0.0131548051319293
06/08/12;0; 20:00:00;14871600;9725735;4951995;193870;201;0.662618470294794;0.0130362570268162
06/08/12;0; 21:00:00;14871600;8371921;6308709;190970;201;0.570269872614459;0.0128412544716103
06/08/12;0; 22:00:00;14871600;6724672;7949458;197470;201;0.458267168138759;0.0132783291643132
06/08/12;0; 23:00:00;14871600;5454147;9215701;201752;201;0.371793013806278;0.0135662605234138
07/08/12;1; 00:00:00;14871600;4779458;9890542;201600;201;0.325798091342877;0.0135560396998306
07/08/12;1; 01:00:00;14871600;4350875;10317161;203564;201;0.296622874391636;0.0136881034992872
07/08/12;1; 02:00:00;14871600;4027519;10637412;206669;201;0.274636068863877;0.0138968907178784
07/08/12;1; 03:00:00;14871600;3962581;10702344;206675;201;0.270208064480384;0.0138972941714409
07/08/12;1; 04:00:00;14871600;3953825;10708975;208800;201;0.269650066835802;0.0140401839748245
07/08/12;1; 05:00:00;14871600;4231689;10416731;223180;201;0.288883647519664;0.0150071276796041
07/08/12;1; 06:00:00;14871600;5055763;9535923;279914;201;0.34648244212492;0.0188220500820356
07/08/12;1; 07:00:00;14871600;5763745;8209005;898850;201;0.412498971211823;0.0604407057747653
07/08/12;1; 08:00:00;14871600;6613234;7354801;903565;201;0.473454856033794;0.0607577530326259
07/08/12;1; 09:00:00;14871600;7851136;6815895;204569;201;0.535291430146974;0.0137556819710051
07/08/12;1; 10:00:00;14871600;8824884;5850165;196551;201;0.601352949485893;0.013216533526991
07/08/12;1; 11:00:00;14871600;9726955;4942433;202212;201;0.66307844608105;0.013597191963205
07/08/12;1; 12:00:00;14871600;10563442;4105317;202841;201;0.720131948449081;0.0136394873450066
07/08/12;1; 13:00:00;14871600;10653625;4013360;204615;201;0.726367757245269;0.0137587751149843
07/08/12;1; 14:00:00;14871600;10130606;4542762;198232;201;0.690407682816924;0.01332956776675
07/08/12;1; 15:00:00;14871600;9424915;4730104;716581;201;0.665835559810976;0.0481845262110331
07/08/12;1; 16:00:00;14871600;8938277;4478753;1454570;201;0.666188940473413;0.0978085747330482
07/08/12;1; 17:00:00;14871600;8898234;4515837;1457529;201;0.66335074564612;0.0980075445816187
07/08/12;1; 18:00:00;14871600;10204460;3720340;946800;201;0.732826324256004;0.0636649721617042
07/08/12;1; 19:00:00;14871600;11033334;3651066;187200;201;0.75136430497671;0.0125877511498427
07/08/12;1; 20:00:00;14871600;10844767;3835729;191104;201;0.738719386592933;0.012850264934506
07/08/12;1; 21:00:00;14871600;9479414;5198072;194114;201;0.645847252043027;0.0130526641383577
07/08/12;1; 22:00:00;14871600;7664631;7017046;189923;201;0.522054190403453;0.0127708518249549
07/08/12;1; 23:00:00;14871600;5972669;8710260;188671;201;0.406776399994851;0.0126866645149143
08/08/12;2; 00:00:00;14871600;4903154;9770899;197547;201;0.334137678254263;0.0132835068183652
08/08/12;2; 01:00:00;14871600;4392880;10280720;198000;201;0.299373023661542;0.0133139675623336
08/08/12;2; 02:00:00;14871600;3983211;10696416;191973;201;0.271342793655452;0.0129086984588074
08/08/12;2; 03:00:00;14871600;3944398;10736402;190800;201;0.268677320037055;0.0128298232873396
08/08/12;2; 04:00:00;14871600;3941628;10734296;195676;201;0.26857784218561;0.0131576965491272
08/08/12;2; 05:00:00;14871600;4199179;10460181;212240;201;0.286450363453793;0.0142714973506549
08/08/12;2; 06:00:00;14871600;5054037;9551163;266400;201;0.34604366937803;0.0179133381747761
08/08/12;2; 07:00:00;14871600;5944889;8040437;886274;201;0.425080473633578;0.0595950671077759
08/08/12;2; 08:00:00;14871600;6806979;7178109;886512;201;0.486731224000879;0.0596110707657549
08/08/12;2; 09:00:00;14871600;8070357;6610022;191221;201;0.549737646419074;0.0128581322789747
08/08/12;2; 10:00:00;14871600;9290962;5393438;187200;201;0.632709678298058;0.0125877511498427
08/08/12;2; 11:00:00;14871600;10185711;4491859;194030;201;0.693964396013782;0.0130470157884827
08/08/12;2; 12:00:00;14871600;10760095;3917341;194164;201;0.733104542237486;0.0130560262513785
08/08/12;2; 13:00:00;14871600;10732985;3945468;193147;201;0.731206824043378;0.0129876408725356
08/08/12;2; 14:00:00;14871600;10233434;4448070;190096;201;0.697028996484284;0.0127824847360069
08/08/12;2; 15:00:00;14871600;9618697;4542768;710135;201;0.679216239280329;0.0477510826003927
08/08/12;2; 16:00:00;14871600;8953626;4474374;1443600;201;0.666787756925827;0.0970709271362866
08/08/12;2; 17:00:00;14871600;9128786;4295701;1447113;201;0.680010044331675;0.0973071491971274
08/08/12;2; 18:00:00;14871600;10549024;3386576;936000;201;0.756983839949482;0.0629387557492133
08/08/12;2; 19:00:00;14871600;11429283;3263499;178818;201;0.777884201916288;0.0120241265230372
08/08/12;2; 20:00:00;14871600;11240108;3446889;184603;201;0.765310158366615;0.0124131229995428
08/08/12;2; 21:00:00;14871600;9954055;4728406;189139;201;0.67795548716254;0.0127181338927889
08/08/12;2; 22:00:00;14871600;8312423;6376702;182475;201;0.565889595193723;0.0122700314693779
08/08/12;2; 23:00:00;14871600;6899031;7790214;182355;201;0.469665459320748;0.012261962398128
09/08/12;3; 00:00:00;14871600;5895227;8780486;195887;201;0.401699529010958;0.0131718846660749
09/08/12;3; 01:00:00;14871600;5166433;9510767;194400;201;0.352003992587142;0.0130718954248366
09/08/12;3; 02:00:00;14871600;4444793;10232407;194400;201;0.302836576458725;0.0130718954248366
09/08/12;3; 03:00:00;14871600;4247353;10428370;195877;201;0.289413543714337;0.0131712122434708
09/08/12;3; 04:00:00;14871600;4280412;10393188;198000;201;0.291708374223095;0.0133139675623336
09/08/12;3; 05:00:00;14871600;4417590;10241998;212012;201;0.301344758120078;0.0142561661152801
09/08/12;3; 06:00:00;14871600;5193073;9415044;263483;201;0.355492292401546;0.0177171925011431
09/08/12;3; 07:00:00;14871600;5906515;8076141;888944;201;0.422417243190421;0.0597746039430862
09/08/12;3; 08:00:00;14871600;6824873;7161127;885600;201;0.487978907478907;0.0595497458242556
09/08/12;3; 09:00:00;14871600;7993397;6683803;194400;201;0.544613209604012;0.0130718954248366
09/08/12;3; 10:00:00;14871600;8929001;5751122;191477;201;0.608237478664177;0.0128753462976411
09/08/12;3; 11:00:00;14871600;9867234;4806366;198000;201;0.672448070003271;0.0133139675623336
09/08/12;3; 12:00:00;14871600;10670724;4002361;198515;201;0.727231117382609;0.0133485973264477
09/08/12;3; 13:00:00;14871600;10639371;4030945;201284;201;0.725231208380242;0.0135347911455391
09/08/12;3; 14:00:00;14871600;10317942;4356558;197100;201;0.703120515179393;0.0132534495279593
09/08/12;3; 15:00:00;14871600;9846888;4308312;716400;201;0.695637504238725;0.0481723553618978
09/08/12;3; 16:00:00;14871600;9246854;4170346;1454400;201;0.68917911337686;0.0977971435487775
09/08/12;3; 17:00:00;14871600;9530418;3887420;1453762;201;0.710279703779402;0.0977542429866322
09/08/12;3; 18:00:00;14871600;10834404;3086796;950400;201;0.778266528747522;0.0639070442992012
09/08/12;3; 19:00:00;14871600;11546726;3134074;190800;201;0.786518854558335;0.0128298232873396
09/08/12;3; 20:00:00;14871600;11183423;3497377;190800;201;0.76177204239551;0.0128298232873396
09/08/12;3; 21:00:00;14871600;10094705;4579639;197256;201;0.687915248545352;0.0132639393205842
09/08/12;3; 22:00:00;14871600;8567793;6110471;193336;201;0.583706152171674;0.0130003496597542
09/08/12;3; 23:00:00;14871600;6754567;7926233;190800;201;0.460095294534358;0.0128298232873396
10/08/12;4; 00:00:00;14871600;5622772;9056148;192680;201;0.383050796652615;0.0129562387369214
10/08/12;4; 01:00:00;14871600;4822178;9852936;196486;201;0.328595607502606;0.013212162780064
10/08/12;4; 02:00:00;14871600;4174003;10505324;192273;201;0.284345665165712;0.0129288711369321
10/08/12;4; 03:00:00;14871600;4022980;10657820;190800;201;0.274030025611683;0.0128298232873396
10/08/12;4; 04:00:00;14871600;4048103;10622778;200719;201;0.275927737400365;0.0134967992684042
10/08/12;4; 05:00:00;14871600;4209245;10444453;217902;201;0.287247969761626;0.0146522230291293
10/08/12;4; 06:00:00;14871600;5076114;9518286;277200;201;0.347812448610426;0.018639554587267
10/08/12;4; 07:00:00;14871600;5816314;8157372;897914;201;0.416233340294036;0.0603777670190161
10/08/12;4; 08:00:00;14871600;6816903;7159203;895494;201;0.487754099747097;0.0602150407488098
10/08/12;4; 09:00:00;14871600;8073705;6599895;198000;201;0.55021978246647;0.0133139675623336
10/08/12;4; 10:00:00;14871600;9018076;5659101;194423;201;0.614428510332743;0.0130734419968262
10/08/12;4; 11:00:00;14871600;9895814;4763266;212520;201;0.675063782993203;0.0142903251835714
10/08/12;4; 12:00:00;14871600;10643805;4020082;207713;201;0.725851542636683;0.0139670916377525
10/08/12;4; 13:00:00;14871600;10533713;4137367;200520;201;0.71799165432947;0.0134834180585815
10/08/12;4; 14:00:00;14871600;10042047;4621049;208504;201;0.684851752999503;0.0140202802657414
10/08/12;4; 15:00:00;14871600;9509945;4629345;732310;201;0.672589995678708;0.0492421797251136
10/08/12;4; 16:00:00;14871600;9259044;4150510;1462046;201;0.690481130095751;0.0983112778719169
10/08/12;4; 17:00:00;14871600;9856894;3556091;1458615;201;0.734876986740834;0.0980805696764302
10/08/12;4; 18:00:00;14871600;10977090;2932217;962293;201;0.789190288200555;0.0647067565023266
10/08/12;4; 19:00:00;14871600;11576520;3097080;198000;201;0.788935230618253;0.0133139675623336
10/08/12;4; 20:00:00;14871600;11713946;2958388;199266;201;0.798369639077191;0.01339909626402
10/08/12;4; 21:00:00;14871600;11360368;3303681;207551;201;0.774708813370714;0.0139561983915651
10/08/12;4; 22:00:00;14871600;10277169;4386564;207867;201;0.700856255361442;0.0139774469458565
10/08/12;4; 23:00:00;14871600;9068133;5601986;201481;201;0.618136294599928;0.0135480378708411
11/08/12;5; 00:00:00;14871600;7890359;6780332;200909;201;0.537831449111702;0.0135095752978832
11/08/12;5; 01:00:00;14871600;6421195;8235724;214681;201;0.438099917179047;0.01443563570833
11/08/12;5; 02:00:00;14871600;4810737;9852063;208800;201;0.328091292249775;0.0140401839748245
11/08/12;5; 03:00:00;14871600;4252058;10412002;207540;201;0.289964580068549;0.0139554587267006
11/08/12;5; 04:00:00;14871600;4037812;10622696;211092;201;0.275421015424568;0.0141943032356976
11/08/12;5; 05:00:00;14871600;4085474;10562926;223200;201;0.278902405723492;0.0150084725248124
11/08/12;5; 06:00:00;14871600;4287113;10361287;223200;201;0.292667663362552;0.0150084725248124
11/08/12;5; 07:00:00;14871600;4697585;9951517;222498;201;0.32067392253805;0.0149612684580005
11/08/12;5; 08:00:00;14871600;5516875;9136155;218570;201;0.376500628197717;0.0146971408590871
11/08/12;5; 09:00:00;14871600;6404655;8257746;209199;201;0.436808064381816;0.0140670136367304
11/08/12;5; 10:00:00;14871600;7623136;7050920;197544;201;0.519497540420999;0.013283305091584
11/08/12;5; 11:00:00;14871600;9068266;5599353;203981;201;0.618250719493055;0.0137161435218806
11/08/12;5; 12:00:00;14871600;9935519;4731402;204679;201;0.677410003094719;0.0137630786196509
11/08/12;5; 13:00:00;14871600;10255692;4414308;201600;201;0.699092842535787;0.0135560396998306
11/08/12;5; 14:00:00;14871600;10269143;4400857;201600;201;0.700009747784594;0.0135560396998306
11/08/12;5; 15:00:00;14871600;10038362;4623889;209349;201;0.684639896015966;0.0140770999757928
11/08/12;5; 16:00:00;14871600;9519907;5136664;215029;201;0.64953166740024;0.0144590360149547
11/08/12;5; 17:00:00;14871600;9619324;5043476;208800;201;0.656035954933573;0.0140401839748245
11/08/12;5; 18:00:00;14871600;10325643;4342438;203519;201;0.703953230146466;0.0136850775975685
11/08/12;5; 19:00:00;14871600;10900268;3768391;202941;201;0.74309914764533;0.0136462115710482
11/08/12;5; 20:00:00;14871600;11102954;3565935;202711;201;0.756904902613961;0.0136307458511525
11/08/12;5; 21:00:00;14871600;10834364;3836890;200346;201;0.738475661317022;0.0134717179052691
11/08/12;5; 22:00:00;14871600;10461363;4207799;202438;201;0.713153416670973;0.013612388714059
11/08/12;5; 23:00:00;14871600;9969263;4694558;207779;201;0.679854384474551;0.0139715296269399
12/08/12;6; 00:00:00;14871600;9322775;5345010;203815;201;0.635595285859453;0.0137049813066516
12/08/12;6; 01:00:00;14871600;7906901;6762140;202559;201;0.539019626436384;0.0136205250275693
12/08/12;6; 02:00:00;14871600;5673564;8992836;205200;201;0.386840942562592;0.0137981118373275
12/08/12;6; 03:00:00;14871600;4894259;9769034;208307;201;0.333776253396832;0.0140070335404395
12/08/12;6; 04:00:00;14871600;4601348;10061452;208800;201;0.313811004719426;0.0140401839748245
12/08/12;6; 05:00:00;14871600;4660611;10002189;208800;201;0.317852729355921;0.0140401839748245
12/08/12;6; 06:00:00;14871600;5028468;9637471;205661;201;0.3428671017928;0.0138291105193792
12/08/12;6; 07:00:00;14871600;5605395;9063009;203196;201;0.382140756417672;0.0136633583474542
12/08/12;6; 08:00:00;14871600;6845506;7824494;201600;201;0.466632992501704;0.0135560396998306
12/08/12;6; 09:00:00;14871600;8748665;5919019;203916;201;0.596458513832177;0.0137117727749536
12/08/12;6; 10:00:00;14871600;10748383;3916685;206532;201;0.732924184190622;0.0138876785282014
12/08/12;6; 11:00:00;14871600;11956529;2701781;213290;201;0.815682640086067;0.0143421017240916
12/08/12;6; 12:00:00;14871600;12217588;2438012;216000;201;0.833646387728923;0.0145243282498184
12/08/12;6; 13:00:00;14871600;12317874;2337726;216000;201;0.840489232784738;0.0145243282498184
12/08/12;6; 14:00:00;14871600;12369934;2285666;216000;201;0.844041458555092;0.0145243282498184
12/08/12;6; 15:00:00;14871600;12239433;2419097;213070;201;0.834970014046429;0.0143273084268001
12/08/12;6; 16:00:00;14871600;11844554;2817684;209362;201;0.807827154353926;0.0140779741251782
12/08/12;6; 17:00:00;14871600;10916156;3748244;207200;201;0.74439840702654;0.0139325963581592
12/08/12;6; 18:00:00;14871600;10740027;3929152;202421;201;0.732149154359627;0.0136112455956319
12/08/12;6; 19:00:00;14871600;10720492;3953108;198000;201;0.730597263111983;0.0133139675623336
12/08/12;6; 20:00:00;14871600;10206211;4469650;195739;201;0.695442059583421;0.0131619328115334
12/08/12;6; 21:00:00;14871600;9040809;5631756;199035;201;0.616170996686673;0.013383563301864
12/08/12;6; 22:00:00;14871600;7624387;7045613;201600;201;0.519726448534424;0.0135560396998306
12/08/12;6; 23:00:00;14871600;6034687;8636935;199978;201;0.411316962773441;0.0134469727534361
13/08/12;0; 00:00:00;14871600;5208669;9462228;200703;201;0.355034119590643;0.0134957233922376
13/08/12;0; 01:00:00;14871600;4635119;10032767;203714;201;0.316004569438295;0.0136981898383496
13/08/12;0; 02:00:00;14871600;4239596;10426804;205200;201;0.289068619429444;0.0137981118373275
13/08/12;0; 03:00:00;14871600;4129021;10537379;205200;201;0.281529277805051;0.0137981118373275
13/08/12;0; 04:00:00;14871600;4142834;10523566;205200;201;0.282471090383462;0.0137981118373275
13/08/12;0; 05:00:00;14871600;4361097;10291987;218516;201;0.29762314881973;0.0146935097770247
13/08/12;0; 06:00:00;14871600;5109383;9488617;273600;201;0.350005685710371;0.01839748244977
13/08/12;0; 07:00:00;14871600;5765746;8209454;896400;201;0.412569837998741;0.0602759622367465
13/08/12;0; 08:00:00;14871600;6470020;7505384;896196;201;0.462957636144186;0.0602622448156217
13/08/12;0; 09:00:00;14871600;7506840;7162379;202381;201;0.511740945445017;0.0136085559052153
13/08/12;0; 10:00:00;14871600;8744613;5932392;194595;201;0.595803639775281;0.0130850076656177
13/08/12;0; 11:00:00;14871600;9635993;5034007;201600;201;0.65685023858214;0.0135560396998306
13/08/12;0; 12:00:00;14871600;10135491;4536589;199520;201;0.690801236089225;0.0134161757981656
13/08/12;0; 13:00:00;14871600;10192143;4481223;198234;201;0.694601565857486;0.0133297022512709
13/08/12;0; 14:00:00;14871600;9939147;4736376;196077;201;0.677260156247924;0.0131846606955539
13/08/12;0; 15:00:00;14871600;9367950;4787209;716441;201;0.661804646630956;0.0481751122945749
13/08/12;0; 16:00:00;14871600;9151288;4266167;1454145;201;0.682043502288623;0.0977799967723715
13/08/12;0; 17:00:00;14871600;9565573;3853954;1452073;201;0.712809996954438;0.0976406708087899
13/08/12;0; 18:00:00;14871600;10590326;3334474;946800;201;0.760537027461795;0.0636649721617042
13/08/12;0; 19:00:00;14871600;11097483;3582128;191989;201;0.755979364848292;0.012909774334974
13/08/12;0; 20:00:00;14871600;10716157;3961823;193620;201;0.73008390800369;0.0130194464617123
13/08/12;0; 21:00:00;14871600;9285675;5395125;190800;201;0.632504700016348;0.0128298232873396
13/08/12;0; 22:00:00;14871600;7303424;7377302;190874;201;0.497483843782658;0.0128347992146104
13/08/12;0; 23:00:00;14871600;5727135;8941991;202474;201;0.390421010767785;0.013614809435434
14/08/12;1; 00:00:00;14871600;4958243;9711757;201600;201;0.337985207907294;0.0135560396998306
14/08/12;1; 01:00:00;14871600;4530044;10139956;201600;201;0.308796455351057;0.0135560396998306
14/08/12;1; 02:00:00;14871600;4102128;10566061;203411;201;0.27966151786018;0.0136778154334436
14/08/12;1; 03:00:00;14871600;4015587;10650813;205200;201;0.273795000818197;0.0137981118373275
14/08/12;1; 04:00:00;14871600;4048047;10618808;204745;201;0.275999660458905;0.0137675166088383
14/08/12;1; 05:00:00;14871600;4322537;10335069;213994;201;0.294900613374381;0.0143894402754243
14/08/12;1; 06:00:00;14871600;5123305;9475360;272935;201;0.350943391056648;0.0183527663465935
14/08/12;1; 07:00:00;14871600;5805851;8170977;894772;201;0.41539117459269;0.0601664918367896
14/08/12;1; 08:00:00;14871600;6536068;7441059;894473;201;0.467626000679539;0.0601463864009253
14/08/12;1; 09:00:00;14871600;7515992;7152119;203489;201;0.512403539896855;0.013683060329756
14/08/12;1; 10:00:00;14871600;8711063;5960205;200332;201;0.593749838118968;0.0134707765136233
14/08/12;1; 11:00:00;14871600;9874843;4795157;201600;201;0.673131765507839;0.0135560396998306
14/08/12;1; 12:00:00;14871600;10476756;4193173;201671;201;0.714165419614505;0.0135608139003201
14/08/12;1; 13:00:00;14871600;10567223;4092244;212133;201;0.720846330906847;0.0142643024287904
14/08/12;1; 14:00:00;14871600;10243967;4415530;212103;201;0.698793894497199;0.014262285160978
14/08/12;1; 15:00:00;14871600;9653668;4489068;728864;201;0.682588432676676;0.0490104628957207
14/08/12;1; 16:00:00;14871600;9385760;4019247;1466593;201;0.700168228185185;0.0986170284300277
14/08/12;1; 17:00:00;14871600;9765100;3639076;1467424;201;0.728511771256958;0.0986729067484333
14/08/12;1; 18:00:00;14871600;11005454;2915024;951122;201;0.790594547112535;0.0639555932112214
14/08/12;1; 19:00:00;14871600;11501385;3179141;191074;201;0.783445020975406;0.0128482476666936
14/08/12;1; 20:00:00;14871600;11103544;3564054;204002;201;0.757011747935824;0.0137175556093494
14/08/12;1; 21:00:00;14871600;9936292;4734862;200446;201;0.677267241554414;0.0134784421313107
14/08/12;1; 22:00:00;14871600;7789206;6886695;195699;201;0.530748061056013;0.0131592431211168
14/08/12;1; 23:00:00;14871600;5966546;8706249;198805;201;0.406640043699922;0.0133680975819683
15/08/12;2; 00:00:00;14871600;5000225;9668022;203353;201;0.340887701168381;0.0136739153823395
15/08/12;2; 01:00:00;14871600;4493075;10176925;201600;201;0.306276414451261;0.0135560396998306
15/08/12;2; 02:00:00;14871600;4068964;10598672;203964;201;0.277411029289246;0.0137150004034536
15/08/12;2; 03:00:00;14871600;3971649;10691488;208463;201;0.27085943478534;0.0140175233330644
15/08/12;2; 04:00:00;14871600;3955160;10707640;208800;201;0.269741113566304;0.0140401839748245
15/08/12;2; 05:00:00;14871600;4211836;10437502;222262;201;0.287510329818317;0.0149453992845423
15/08/12;2; 06:00:00;14871600;5050626;9537903;283071;201;0.346205295955473;0.0190343338981683
15/08/12;2; 07:00:00;14871600;5869010;8095805;906785;201;0.420271231663291;0.0609742731111649
15/08/12;2; 08:00:00;14871600;6946852;7024879;899869;201;0.497207683142482;0.060509225638129
15/08/12;2; 09:00:00;14871600;8253884;6415357;202359;201;0.562666057500862;0.0136070765754862
15/08/12;2; 10:00:00;14871600;9598159;5063069;210372;201;0.654662692647574;0.0141458888081982
15/08/12;2; 11:00:00;14871600;10518151;4140071;213378;201;0.717559810459959;0.0143480190430081
15/08/12;2; 12:00:00;14871600;11209471;3460569;201560;201;0.764106369171454;0.0135533500094139
15/08/12;2; 13:00:00;14871600;11246486;3421524;203590;201;0.766735637622281;0.013689851798058
15/08/12;2; 14:00:00;14871600;10910982;3750365;210253;201;0.744200515818908;0.0141378869792087
15/08/12;2; 15:00:00;14871600;10200526;3942465;728609;201;0.72124248682616;0.0489933161193147
15/08/12;2; 16:00:00;14871600;9298800;4114800;1458000;201;0.693236714975845;0.0980392156862745
15/08/12;2; 17:00:00;14871600;9198369;4208451;1464780;201;0.686096255487879;0.0984951182118938
15/08/12;2; 18:00:00;14871600;10396304;3520227;955069;201;0.747047090974037;0.0642209984130827
15/08/12;2; 19:00:00;14871600;11096626;3576974;198000;201;0.75623064551303;0.0133139675623336
15/08/12;2; 20:00:00;14871600;10820990;3851079;199531;201;0.737523112793431;0.0134169154630302
15/08/12;2; 21:00:00;14871600;9725624;4944376;201600;201;0.662960054533061;0.0135560396998306
15/08/12;2; 22:00:00;14871600;8059979;6612330;199291;201;0.549332691943715;0.0134007773205304
15/08/12;2; 23:00:00;14871600;6467211;8206389;198000;201;0.440737855740922;0.0133139675623336
16/08/12;3; 00:00:00;14871600;5496287;9170914;204399;201;0.374733188697694;0.0137442507867344
16/08/12;3; 01:00:00;14871600;4727641;9932275;211684;201;0.322487591334084;0.0142341106538637
16/08/12;3; 02:00:00;14871600;4138646;10524154;208800;201;0.282254821725728;0.0140401839748245
16/08/12;3; 03:00:00;14871600;3975703;10687097;208800;201;0.27114214201926;0.0140401839748245
16/08/12;3; 04:00:00;14871600;4016568;10646232;208800;201;0.273929126769785;0.0140401839748245
16/08/12;3; 05:00:00;14871600;4238784;10409616;223200;201;0.289368395183092;0.0150084725248124
16/08/12;3; 06:00:00;14871600;4903124;9687676;280800;201;0.336042163555117;0.018881626724764
16/08/12;3; 07:00:00;14871600;5786591;8181564;903445;201;0.414270245426114;0.060749683961376
16/08/12;3; 08:00:00;14871600;6817028;7154510;900062;201;0.487922517907477;0.0605222033943893
16/08/12;3; 09:00:00;14871600;7944505;6715724;211371;201;0.54190865640639;0.0142130638263536
16/08/12;3; 10:00:00;14871600;9115588;5547291;208721;201;0.621677911957127;0.0140348718362516
16/08/12;3; 11:00:00;14871600;10184075;4470571;216954;201;0.694938315125456;0.0145884773662551
16/08/12;3; 12:00:00;14871600;10772429;3880934;218237;201;0.73515062719732;0.0146747491863686
16/08/12;3; 13:00:00;14871600;10792780;3859971;218849;201;0.736570218111261;0.0147159014497431
16/08/12;3; 14:00:00;14871600;10318787;4333610;219203;201;0.704238835461529;0.0147397052099303
16/08/12;3; 15:00:00;14871600;9619801;4512020;739779;201;0.680719137328445;0.0497444121681594
16/08/12;3; 16:00:00;14871600;9135742;4262371;1473487;201;0.681867812280729;0.0990805965733344
16/08/12;3; 17:00:00;14871600;9452357;3946794;1472449;201;0.705444471817655;0.0990107991070228
16/08/12;3; 18:00:00;14871600;10893076;3012842;965682;201;0.783341020707874;0.0649346405228758
16/08/12;3; 19:00:00;14871600;11368488;3297130;205982;201;0.775179607160094;0.0138506952849727
16/08/12;3; 20:00:00;14871600;10956642;3704985;209973;201;0.747300555388566;0.0141190591462923
16/08/12;3; 21:00:00;14871600;9830471;4828650;212479;201;0.670604397084928;0.0142875682508943
16/08/12;3; 22:00:00;14871600;8280398;6382402;208800;201;0.564721472024443;0.0140401839748245
16/08/12;3; 23:00:00;14871600;6629633;8029799;212168;201;0.452243511208347;0.014266655907905
17/08/12;4; 00:00:00;14871600;5521753;9137403;212444;201;0.37667605147254;0.0142852147717798
17/08/12;4; 01:00:00;14871600;4692556;9963044;216000;201;0.320188596850351;0.0145243282498184
17/08/12;4; 02:00:00;14871600;4109435;10546165;216000;201;0.280400324790524;0.0145243282498184
17/08/12;4; 03:00:00;14871600;4013677;10639048;218875;201;0.273920175257503;0.0147176497485139
17/08/12;4; 04:00:00;14871600;4013247;10642353;216000;201;0.273837099811676;0.0145243282498184
17/08/12;4; 05:00:00;14871600;4284309;10356891;230400;201;0.292620072125236;0.0154926167998063
17/08/12;4; 06:00:00;14871600;5093485;9491878;286237;201;0.349218939562903;0.0192472228946448
17/08/12;4; 07:00:00;14871600;5816297;8146183;909120;201;0.416566183084953;0.0611312837892359
17/08/12;4; 08:00:00;14871600;6696471;7270198;904931;201;0.479460850686731;0.060849605960354
17/08/12;4; 09:00:00;14871600;7933650;6729675;208275;201;0.541053956043394;0.0140048817881062
17/08/12;4; 10:00:00;14871600;9165831;5502854;202915;201;0.624857033878633;0.0136444632722774
17/08/12;4; 11:00:00;14871600;10026691;4632183;212726;201;0.684001445131461;0.014304177089217
17/08/12;4; 12:00:00;14871600;10637477;4024062;210061;201;0.7255361800695;0.0141249764652089
17/08/12;4; 13:00:00;14871600;10685779;3977021;208800;201;0.728767970646807;0.0140401839748245
17/08/12;4; 14:00:00;14871600;10126307;4533746;211547;201;0.690741500047783;0.0142248984641868
17/08/12;4; 15:00:00;14871600;9451158;4681160;739282;201;0.66876205304749;0.0497109927647328
17/08/12;4; 16:00:00;14871600;9148333;4256625;1466642;201;0.682458908114445;0.0986203233007881
17/08/12;4; 17:00:00;14871600;9686335;3724158;1461107;201;0.722295220615678;0.0982481373893865
17/08/12;4; 18:00:00;14871600;10890701;3025234;955665;201;0.782606486736249;0.0642610748002905
17/08/12;4; 19:00:00;14871600;11698036;2974675;198889;201;0.797264799940515;0.0133737459318432
17/08/12;4; 20:00:00;14871600;11795673;2880556;195371;201;0.803726420458552;0.0131371876597004
17/08/12;4; 21:00:00;14871600;11566044;3107226;198330;201;0.788239022385603;0.0133361575082708
17/08/12;4; 22:00:00;14871600;10770159;3901653;199788;201;0.734071497099336;0.0134341967239571
17/08/12;4; 23:00:00;14871600;9635558;5033075;202967;201;0.656881796688212;0.013647959869819
18/08/12;5; 00:00:00;14871600;8140227;6526173;205200;201;0.555025568646703;0.0137981118373275
18/08/12;5; 01:00:00;14871600;6755065;7901660;214875;201;0.460885020357549;0.0144486807068506
18/08/12;5; 02:00:00;14871600;5033733;9621867;216000;201;0.343468230573979;0.0145243282498184
18/08/12;5; 03:00:00;14871600;4338017;10317583;216000;201;0.295997229727886;0.0145243282498184
18/08/12;5; 04:00:00;14871600;4121434;10534166;216000;201;0.281219056196949;0.0145243282498184
18/08/12;5; 05:00:00;14871600;4134267;10521333;216000;201;0.282094694178335;0.0145243282498184
18/08/12;5; 06:00:00;14871600;4338982;10316618;216000;201;0.29606307486558;0.0145243282498184
18/08/12;5; 07:00:00;14871600;4860091;9795619;215890;201;0.331617574310627;0.0145169316011727
18/08/12;5; 08:00:00;14871600;5643921;9015941;211738;201;0.384991413971018;0.0142377417359262
18/08/12;5; 09:00:00;14871600;6418173;8244203;209224;201;0.437730760689809;0.0140686946932408
18/08/12;5; 10:00:00;14871600;7540148;7122071;209381;201;0.514256948419608;0.0140792517281261
18/08/12;5; 11:00:00;14871600;8504272;6151393;215935;201;0.580271997210635;0.0145199575028914
18/08/12;5; 12:00:00;14871600;9162393;5492390;216817;201;0.625215194247503;0.0145792651765782
18/08/12;5; 13:00:00;14871600;9439640;5217245;214715;201;0.644041349850258;0.0144379219451841
18/08/12;5; 14:00:00;14871600;9389694;5268376;213530;201;0.640581877423153;0.0143582398665914
18/08/12;5; 15:00:00;14871600;9217132;5442466;212002;201;0.628743844135426;0.014255493692676
18/08/12;5; 16:00:00;14871600;9268792;5393773;209035;201;0.632139874571741;0.0140559859060222
18/08/12;5; 17:00:00;14871600;9743281;4914617;213702;201;0.664712020782243;0.0143698055353829
18/08/12;5; 18:00:00;14871600;10813481;3850227;207892;201;0.737431555511062;0.0139791280023669
18/08/12;5; 19:00:00;14871600;11445832;3216098;209670;201;0.780649750749049;0.0140986847413863
18/08/12;5; 20:00:00;14871600;11735299;2930964;205337;201;0.800156045203881;0.0138073240270045
18/08/12;5; 21:00:00;14871600;11616496;3047762;207342;201;0.79216391310082;0.0139421447591382
18/08/12;5; 22:00:00;14871600;11185723;3467515;218362;201;0.763361858996626;0.0146831544689206
18/08/12;5; 23:00:00;14871600;10402634;4249156;219810;201;0.70999065643174;0.0147805212620027
19/08/12;6; 00:00:00;14871600;9491659;5161833;218108;201;0.647740415731622;0.014666074934775
19/08/12;6; 01:00:00;14871600;8201140;6454098;216362;201;0.559604695604398;0.014548669948089
19/08/12;6; 02:00:00;14871600;5971507;8680229;219864;201;0.407563103785108;0.0147841523440652
19/08/12;6; 03:00:00;14871600;5270324;9381676;219600;201;0.359699972699973;0.0147664003873154
19/08/12;6; 04:00:00;14871600;4985798;9665255;220547;201;0.340303048524908;0.0148300788079292
19/08/12;6; 05:00:00;14871600;4938466;9703825;229309;201;0.337274132852571;0.0154192554936927
19/08/12;6; 06:00:00;14871600;5133409;9507791;230400;201;0.350613952408273;0.0154926167998063
19/08/12;6; 07:00:00;14871600;5670440;8975636;225524;201;0.387164452785852;0.0151647435380188
19/08/12;6; 08:00:00;14871600;6783095;7863216;225289;201;0.463126516977552;0.0151489416068211
19/08/12;6; 09:00:00;14871600;8347080;6296334;228186;201;0.570022810254494;0.0153437424352457
19/08/12;6; 10:00:00;14871600;9939876;4707117;224607;201;0.678629122032078;0.0151030823852175
19/08/12;6; 11:00:00;14871600;10905295;3736797;229508;201;0.744790771701202;0.0154326367035154
19/08/12;6; 12:00:00;14871600;11343585;3297372;230643;201;0.774784394216853;0.0155089566690874
19/08/12;6; 13:00:00;14871600;11599508;3043440;228652;201;0.792156606716079;0.0153750773285995
19/08/12;6; 14:00:00;14871600;11616418;3030960;224222;201;0.793071497164885;0.0150771941149574
19/08/12;6; 15:00:00;14871600;11496310;3151726;223564;201;0.784836274296431;0.0150329487076038
19/08/12;6; 16:00:00;14871600;11451326;3191822;228452;201;0.782026241898259;0.0153616288765163
19/08/12;6; 17:00:00;14871600;11151252;3497417;222931;201;0.761246772659004;0.0149903843567605
19/08/12;6; 18:00:00;14871600;11237036;3420783;213781;201;0.766624011389416;0.0143751176739557
19/08/12;6; 19:00:00;14871600;11230824;3422203;218573;201;0.766450781807745;0.0146973425858684
19/08/12;6; 20:00:00;14871600;10658608;3985873;227119;201;0.727824222654255;0.015271994943382
19/08/12;6; 21:00:00;14871600;9320867;5331622;219111;201;0.636128578564365;0.0147335189219721
19/08/12;6; 22:00:00;14871600;7517772;7137828;216000;201;0.512962417096536;0.0145243282498184
19/08/12;6; 23:00:00;14871600;6158517;8490807;222276;201;0.420395985507591;0.0149463406761882
20/08/12;0; 00:00:00;14871600;5299842;9348558;223200;201;0.361803473416892;0.0150084725248124
20/08/12;0; 01:00:00;14871600;4722868;9926063;222669;201;0.322403593818552;0.0149727668845316
20/08/12;0; 02:00:00;14871600;4256888;10396170;218542;201;0.29051191908201;0.0146952580757955
20/08/12;0; 03:00:00;14871600;4119079;10532999;219522;201;0.281125926302058;0.014761155491003
20/08/12;0; 04:00:00;14871600;4104125;10545135;222340;201;0.280159202580881;0.0149506441808548
20/08/12;0; 05:00:00;14871600;4316367;10321233;234000;201;0.294882152811936;0.0157346889373033
20/08/12;0; 06:00:00;14871600;5082617;9499505;289478;201;0.348551260234964;0.0194651550606525
20/08/12;0; 07:00:00;14871600;5534068;8426465;911067;201;0.396408074104334;0.0612622044702655
20/08/12;0; 08:00:00;14871600;6289592;7675511;906497;201;0.450379205939262;0.0609549073401651
20/08/12;0; 09:00:00;14871600;7740488;6913964;217148;201;0.528200440384942;0.0146015223647758
20/08/12;0; 10:00:00;14871600;8898643;5759999;212958;201;0.60705780248948;0.0143197772936335
20/08/12;0; 11:00:00;14871600;9578589;5077613;215398;201;0.653551922933377;0.0144838484090481
20/08/12;0; 12:00:00;14871600;10085059;4573767;212774;201;0.68798544985799;0.014307404717717
20/08/12;0; 13:00:00;14871600;10248186;4410881;212533;201;0.699102200706225;0.0142911993329568
20/08/12;0; 14:00:00;14871600;9822258;4831370;217972;201;0.670295301614044;0.0146569299873585
20/08/12;0; 15:00:00;14871600;9229355;4898861;743384;201;0.653256929254196;0.0499868205169585
20/08/12;0; 16:00:00;14871600;8699184;4691146;1481270;201;0.649661658823942;0.0996039430861508
20/08/12;0; 17:00:00;14871600;8938712;4453288;1479600;201;0.667466547192354;0.0994916485112564
20/08/12;0; 18:00:00;14871600;9875510;4021256;974834;201;0.710633682685597;0.0655500416902015
20/08/12;0; 19:00:00;14871600;10269839;4378621;223140;201;0.701086598864317;0.0150044379891874
20/08/12;0; 20:00:00;14871600;9722910;4912576;236114;201;0.664338034281882;0.0158768390758224
20/08/12;0; 21:00:00;14871600;8230913;6406743;233944;201;0.562310864526397;0.01573092337072
20/08/12;0; 22:00:00;14871600;6617749;8023393;230458;201;0.451996777300568;0.0154965168509105
20/08/12;0; 23:00:00;14871600;5343437;9277508;250655;201;0.365464544186439;0.0168546087845289
21/08/12;1; 00:00:00;14871600;4639416;9982100;250084;201;0.317300613698333;0.0168162134538315
21/08/12;1; 01:00:00;14871600;4277053;10341654;252893;201;0.292573960200447;0.0170050969633395
21/08/12;1; 02:00:00;14871600;4014511;10596158;260931;201;0.27476572085782;0.0175455902525619
21/08/12;1; 03:00:00;14871600;3916810;10693116;261674;201;0.268092391433057;0.0175955512520509
21/08/12;1; 04:00:00;14871600;3974041;10638359;259200;201;0.271963606252224;0.0174291938997821
21/08/12;1; 05:00:00;14871600;4220508;10372865;278227;201;0.289207162730645;0.0187086123887141
21/08/12;1; 06:00:00;14871600;5125343;9406458;339799;201;0.352698402627451;0.0228488528470373
21/08/12;1; 07:00:00;14871600;5703228;8213484;954888;201;0.40981145546448;0.0642088275639474
21/08/12;1; 08:00:00;14871600;6693270;7228878;949452;201;0.480764175183312;0.063843298636327
21/08/12;1; 09:00:00;14871600;8042699;6565920;262981;201;0.550544784554926;0.0176834368864144
21/08/12;1; 10:00:00;14871600;9265190;5348405;258005;201;0.63401168569404;0.0173488393985852
21/08/12;1; 11:00:00;14871600;10076392;4532408;262800;201;0.689748097037402;0.0176712660372791
21/08/12;1; 12:00:00;14871600;10684772;3924028;262800;201;0.731392859098626;0.0176712660372791
21/08/12;1; 13:00:00;14871600;10674906;3925574;271120;201;0.731133907926315;0.0182307216439388
21/08/12;1; 14:00:00;14871600;10305227;4296373;270000;201;0.705760122178391;0.0181554103122731
21/08/12;1; 15:00:00;14871600;9606003;4476785;788812;201;0.682109465824523;0.0530415019231286
21/08/12;1; 16:00:00;14871600;9110272;4241020;1520308;201;0.682351340978836;0.102228946448264
21/08/12;1; 17:00:00;14871600;9404089;3937655;1529856;201;0.704862048020109;0.102870975550714
21/08/12;1; 18:00:00;14871600;10539294;3315519;1016787;201;0.760695507041488;0.0683710562414266
21/08/12;1; 19:00:00;14871600;11088955;3525754;256891;201;0.758753048042216;0.017273931520482
21/08/12;1; 20:00:00;14871600;10699313;3904075;268212;201;0.732659640351951;0.0180351811506496
21/08/12;1; 21:00:00;14871600;9188663;5417422;265515;201;0.629098283352452;0.0178538287743081
21/08/12;1; 22:00:00;14871600;7459982;7150925;260693;201;0.510576242802723;0.017529586594583
21/08/12;1; 23:00:00;14871600;5929723;8679578;262299;201;0.405886838802212;0.0176375776648108
22/08/12;2; 00:00:00;14871600;4988555;9607674;275371;201;0.341770124324577;0.0185165684929665
22/08/12;2; 01:00:00;14871600;4391020;10199780;280800;201;0.300944430737177;0.018881626724764
22/08/12;2; 02:00:00;14871600;3990241;10600537;280822;201;0.273476918091688;0.0188831060544931
22/08/12;2; 03:00:00;14871600;3907592;10673587;290421;201;0.267988754544471;0.0195285645122246
22/08/12;2; 04:00:00;14871600;3935698;10644302;291600;201;0.269938134430727;0.0196078431372549
22/08/12;2; 05:00:00;14871600;4193856;10371744;306000;201;0.287928818586258;0.0205761316872428
22/08/12;2; 06:00:00;14871600;5037745;9476102;357753;201;0.347099221867228;0.024056120390543
22/08/12;2; 07:00:00;14875200;5668835;8227165;979200;201;0.407947251007484;0.0658276863504356
22/08/12;2; 08:00:00;14875200;6631195;7263326;980679;201;0.477252508380821;0.0659271135850274
22/08/12;2; 09:00:00;14875200;7966730;6620470;288000;201;0.54614525063069;0.0193610842207164
22/08/12;2; 10:00:00;14875200;9170119;5420361;284720;201;0.628500159007791;0.0191405829837582
22/08/12;2; 11:00:00;14875200;10070561;4508865;295774;201;0.690737824657843;0.0198836990427019
22/08/12;2; 12:00:00;14875200;10890952;3689688;294560;201;0.746946087414544;0.0198020866946327
22/08/12;2; 13:00:00;14875200;10813705;3773495;288000;201;0.741314645716793;0.0193610842207164
22/08/12;2; 14:00:00;14875200;10195769;4393007;286424;201;0.698877616600598;0.0192551360653974
22/08/12;2; 15:00:00;14875200;9574375;4492537;808288;201;0.680630901792803;0.0543379584812305
22/08/12;2; 16:00:00;14875200;9102290;4237654;1535256;201;0.682333449075948;0.103209099709584
22/08/12;2; 17:00:00;14875200;9357904;3978823;1538473;201;0.701664208917225;0.103425365709369
22/08/12;2; 18:00:00;14875200;10663900;3178100;1033200;201;0.770401676058373;0.0694578896418199
22/08/12;2; 19:00:00;14875200;11201129;3396871;277200;201;0.767305726811892;0.0186350435624395
22/08/12;2; 20:00:00;14875200;10955988;3638120;281092;201;0.750713095997371;0.0188966871033667
22/08/12;2; 21:00:00;14875200;9717139;4871843;286218;201;0.666060113035988;0.0192412875121007
22/08/12;2; 22:00:00;14875200;7849008;6741792;284400;201;0.537942264988897;0.0191190706679574
22/08/12;2; 23:00:00;14875200;6375696;8215104;284400;201;0.436966855826959;0.0191190706679574
23/08/12;3; 00:00:00;14875200;5455482;9128872;290846;201;0.374064014079746;0.0195524093793697
23/08/12;3; 01:00:00;14875200;4768337;9811802;295061;201;0.327043315567842;0.0198357669140583
23/08/12;3; 02:00:00;14875200;4205271;10378329;291600;201;0.288356167201514;0.0196030977734753
23/08/12;3; 03:00:00;14875200;4089035;10492827;293338;201;0.280419263328648;0.0197199365386684
23/08/12;3; 04:00:00;14875200;4128949;10447525;298726;201;0.283261164531285;0.0200821501559643
23/08/12;3; 05:00:00;14875200;4314215;10245985;315000;201;0.29630190519361;0.0211761858664085
23/08/12;3; 06:00:00;14875200;5009504;9490254;375442;201;0.345488800571706;0.0252394589652576
23/08/12;3; 07:00:00;14875200;5560893;8309978;1004329;201;0.400904384447091;0.06751700817468
23/08/12;3; 08:00:00;14875200;6486318;7387462;1001420;201;0.467523486749826;0.0673214477788534
23/08/12;3; 09:00:00;14875200;7958801;6610399;306000;201;0.54627577354968;0.0205711519845111
23/08/12;3; 10:00:00;14875200;9423308;5149431;302461;201;0.646639454669435;0.0203332392169517
23/08/12;3; 11:00:00;14875200;10349367;4216994;308839;201;0.710497769484087;0.0207620065612563
23/08/12;3; 12:00:00;14875200;10805540;3766112;303548;201;0.741545296305457;0.0204063138646875
23/08/12;3; 13:00:00;14875200;10917833;3652004;305363;201;0.749344896583263;0.0205283290308702
23/08/12;3; 14:00:00;14875200;10476147;4084214;314839;201;0.719497751463717;0.0211653624825212
23/08/12;3; 15:00:00;14875200;9863470;4179512;832218;201;0.702377173167351;0.0559466763472088
23/08/12;3; 16:00:00;14875200;9530650;3786422;1558128;201;0.715671583062703;0.104746692481446
23/08/12;3; 17:00:00;14875200;10113532;3200463;1561205;201;0.75961662896824;0.104953546843068
23/08/12;3; 18:00:00;14875200;11165624;2645245;1064331;201;0.808466433212856;0.071550701839303
23/08/12;3; 19:00:00;14875200;11714360;2851996;308844;201;0.804206625184775;0.0207623426911907
23/08/12;3; 20:00:00;14875200;11539709;3027560;307931;201;0.792166946323295;0.0207009653651716
23/08/12;3; 21:00:00;14875200;10525821;4034321;315058;201;0.722920216025366;0.0211800849736474
23/08/12;3; 22:00:00;14875200;8601414;5955051;318735;201;0.59089991972639;0.0214272749273959
23/08/12;3; 23:00:00;14875200;6699714;7865886;309600;201;0.459968281430219;0.0208131655372701
24/08/12;4; 00:00:00;14875200;5457079;9105479;312642;201;0.374733546125619;0.0210176669893514
24/08/12;4; 01:00:00;14875200;4581321;9970308;323571;201;0.314832174459643;0.0217523797999355
24/08/12;4; 02:00:00;14875200;3963294;10580706;331200;201;0.272503712871287;0.0222652468538238
24/08/12;4; 03:00:00;14875200;3786780;10760732;327688;201;0.260304304956064;0.0220291491879101
24/08/12;4; 04:00:00;14875200;3768333;10776289;330578;201;0.259087723283561;0.022223432289986
24/08/12;4; 05:00:00;14875200;4057597;10474866;342737;201;0.279209174659519;0.0230408330644294
24/08/12;4; 06:00:00;14875200;4777958;9708946;388296;201;0.329812222128344;0.0261035818005808
24/08/12;4; 07:00:00;14875200;5610104;8263914;1001182;201;0.404360438338771;0.0673054479939766
24/08/12;4; 08:00:00;14875200;6941958;6938705;994537;201;0.500117177399956;0.0668587313111756
24/08/12;4; 09:00:00;14875200;8318686;6241332;315182;201;0.571337617851846;0.0211884209960202
24/08/12;4; 10:00:00;14875200;9437578;5127035;310587;201;0.647980004686702;0.0208795175863182
24/08/12;4; 11:00:00;14875200;10209494;4342003;323703;201;0.701611250031526;0.0217612536302033
24/08/12;4; 12:00:00;14875200;10910174;3642504;322522;201;0.749702151040516;0.021681859739701
24/08/12;4; 13:00:00;14875200;10947275;3602709;325216;201;0.752390861735656;0.0218629665483489
24/08/12;4; 14:00:00;14875200;10442131;4108800;324269;201;0.717626315457066;0.0217993035387759
24/08/12;4; 15:00:00;14875200;9982103;4044961;848136;201;0.711631671460257;0.0570167796063246
24/08/12;4; 16:00:00;14875200;9901833;3399612;1573755;201;0.744417843324541;0.10579723297838
24/08/12;4; 17:00:00;14875200;10217270;3076747;1581183;201;0.768561526587487;0.106296587608906
24/08/12;4; 18:00:00;14875200;11066188;2725716;1083296;201;0.802368403956408;0.0728256426804346
24/08/12;4; 19:00:00;14875200;11674024;2875824;325352;201;0.802346801148713;0.0218721092825643
24/08/12;4; 20:00:00;14875200;11858193;2690386;326621;201;0.815075685398553;0.0219574190599118
24/08/12;4; 21:00:00;14875200;11490282;3047242;337676;201;0.790387826702814;0.0227006023448424
24/08/12;4; 22:00:00;14875200;10483530;4048761;342909;201;0.721395545960372;0.0230523959341723
24/08/12;4; 23:00:00;14875200;8928648;5612405;334147;201;0.614030359424452;0.0224633618371518
25/08/12;5; 00:00:00;14875200;7602059;6935377;337764;201;0.522929834394456;0.0227065182316876
25/08/12;5; 01:00:00;14875200;6325467;8202802;346931;201;0.43539027257824;0.0233227788533936
25/08/12;5; 02:00:00;14875200;4881589;9652216;341395;201;0.335878250740257;0.0229506157900398
25/08/12;5; 03:00:00;14875200;4296167;10240633;338400;201;0.295537325958946;0.0227492739593417
25/08/12;5; 04:00:00;14875200;4140831;10383118;351251;201;0.285103658791421;0.0236131951167043
25/08/12;5; 05:00:00;14875200;4165259;10353541;356400;201;0.286887277185442;0.0239593417231365
25/08/12;5; 06:00:00;14875200;4401309;10120969;352922;201;0.303072906330536;0.0237255297407766
25/08/12;5; 07:00:00;14875200;4810569;9719017;345614;201;0.331087823149262;0.0232342422286759
25/08/12;5; 08:00:00;14875200;5721408;8809065;344727;201;0.393752357545415;0.0231746127783156
25/08/12;5; 09:00:00;14875200;6729752;7804994;340454;201;0.463011324724904;0.0228873561363881
25/08/12;5; 10:00:00;14875200;8051664;6486676;336860;201;0.55382278857146;0.0226457459395504
25/08/12;5; 11:00:00;14875200;8929209;5602024;343967;201;0.614483918880112;0.0231235210282887
25/08/12;5; 12:00:00;14875200;9665904;4861281;348015;201;0.665366621269021;0.0233956518231688
25/08/12;5; 13:00:00;14875200;10032094;4495465;347641;201;0.690556066576635;0.0233705093040766
25/08/12;5; 14:00:00;14875200;10084602;4447624;342974;201;0.693947506734343;0.0230567656233194
25/08/12;5; 15:00:00;14875200;9749600;4778058;347542;201;0.671106106710387;0.0233638539313757
25/08/12;5; 16:00:00;14875200;9477547;5048848;348805;201;0.652436272041343;0.023448760352802
25/08/12;5; 17:00:00;14875200;9317025;5216503;341672;201;0.641071115010753;0.0229692373884049
25/08/12;5; 18:00:00;14875200;10207946;4329087;338167;201;0.702202849783721;0.0227336103043993
25/08/12;5; 19:00:00;14875200;10947781;3582845;344574;201;0.753428035378517;0.0231643272023233
25/08/12;5; 20:00:00;14875200;11545788;2983812;345600;201;0.794639081598943;0.0232333010648596
25/08/12;5; 21:00:00;14875200;11483650;3049151;342399;201;0.790188347036473;0.0230181106808648
25/08/12;5; 22:00:00;14875200;10880327;3652581;342292;201;0.748668263777628;0.0230109175002689
25/08/12;5; 23:00:00;14875200;10088545;4444596;342059;201;0.694175127042392;0.0229952538453264
26/08/12;6; 00:00:00;14875200;8891928;5648030;335242;201;0.611551147534264;0.0225369742927826
26/08/12;6; 01:00:00;14875200;7614652;6922428;338120;201;0.523808907978769;0.022730450683016
26/08/12;6; 02:00:00;14875200;5612230;8916568;346402;201;0.386283159831942;0.0232872163063354
26/08/12;6; 03:00:00;14875200;4816731;9712320;346149;201;0.331524130516164;0.0232702081316554
26/08/12;6; 04:00:00;14875200;4580512;9949088;345600;201;0.315253826671071;0.0232333010648596
26/08/12;6; 05:00:00;14875200;4626141;9900619;348440;201;0.318456489953713;0.0234242228675917
26/08/12;6; 06:00:00;14875200;4978559;9547441;349200;201;0.342734338427647;0.0234753146176186
26/08/12;6; 07:00:00;14875200;5757409;8770811;346980;201;0.396291424551666;0.0233260729267506
26/08/12;6; 08:00:00;14875200;6939926;7595127;340147;201;0.477461348094156;0.0228667177584167
26/08/12;6; 09:00:00;14875200;8526377;6006084;342739;201;0.586712532722434;0.0230409675164031
26/08/12;6; 10:00:00;14875200;9963530;4560776;350894;201;0.685990091368221;0.023589195439389
26/08/12;6; 11:00:00;14875200;10818410;3696790;360000;201;0.745315944664903;0.0242013552758954
26/08/12;6; 12:00:00;14875200;11285633;3226213;363354;201;0.777684176086213;0.0244268312358825
26/08/12;6; 13:00:00;14875200;11678434;2833166;363600;201;0.804765429036082;0.0244433688286544
26/08/12;6; 14:00:00;14875200;11713782;2795639;365779;201;0.807322497568993;0.0245898542540605
26/08/12;6; 15:00:00;14875200;11571080;2940520;363600;201;0.797367623142865;0.0244433688286544
26/08/12;6; 16:00:00;14875200;11666824;2846393;361983;201;0.803875805067891;0.0243346644078735
26/08/12;6; 17:00:00;14875200;11508439;3015326;351435;201;0.792386753710212;0.0236255646982898
26/08/12;6; 18:00:00;14875200;11367555;3162251;345394;201;0.782361099659555;0.0232194525115629
26/08/12;6; 19:00:00;14875200;10952356;3574396;348448;201;0.753943896061556;0.0234247606754867
26/08/12;6; 20:00:00;14875200;9656993;4875805;342402;201;0.664496472048947;0.0230183123588254
26/08/12;6; 21:00:00;14875200;8306560;6227700;340940;201;0.571515852888279;0.0229200279660105
26/08/12;6; 22:00:00;14875200;6583412;7944596;347192;201;0.453153109497186;0.0233403248359686
26/08/12;6; 23:00:00;14875200;5393387;9137345;344468;201;0.371171046303793;0.0231572012477143
27/08/12;0; 00:00:00;14875200;4776937;9756263;342000;201;0.328691341204965;0.0229912875121007
27/08/12;0; 01:00:00;14875200;4394869;10137075;343256;201;0.302428154140974;0.0230757233516188
27/08/12;0; 02:00:00;14875200;4087909;10438255;349036;201;0.281416965965688;0.0234642895557707
27/08/12;0; 03:00:00;14875200;4024226;10501774;349200;201;0.277036073247969;0.0234753146176186
27/08/12;0; 04:00:00;14875200;4064674;10461326;349200;201;0.279820597549222;0.0234753146176186
27/08/12;0; 05:00:00;14875200;4358541;10155438;361221;201;0.300299525030317;0.0242834382058729
27/08/12;0; 06:00:00;14875200;5092586;9365014;417600;201;0.352242834218681;0.0280735721200387
27/08/12;0; 07:00:00;14875200;5723285;8111515;1040400;201;0.413687584930754;0.0699419167473379
27/08/12;0; 08:00:00;14875200;6403849;7436254;1035097;201;0.462702409078892;0.0695854173389265
27/08/12;0; 09:00:00;14875200;7339380;7184198;351622;201;0.505342416310912;0.0236381359578359
27/08/12;0; 10:00:00;14875200;8587437;5938563;349200;201;0.591176992978108;0.0234753146176186
27/08/12;0; 11:00:00;14875200;9480295;5038505;356400;201;0.652966842989779;0.0239593417231365
27/08/12;0; 12:00:00;14875200;10088282;4440136;346782;201;0.694382691907681;0.0233127621813488
27/08/12;0; 13:00:00;14875200;10133118;4389043;353039;201;0.697769292049579;0.0237333951812413
27/08/12;0; 14:00:00;14875200;9668445;4860863;345892;201;0.665444286816688;0.0232529310530279
27/08/12;0; 15:00:00;14875200;9132292;4875308;867600;201;0.651952654273394;0.058325266214908
27/08/12;0; 16:00:00;14875200;8668518;4609483;1597199;201;0.652848120737451;0.107373279014736
27/08/12;0; 17:00:00;14875200;8891689;4382385;1601126;201;0.669853806751416;0.107637275465204
27/08/12;0; 18:00:00;14875200;9806614;3976826;1091760;201;0.711477976470315;0.0733946434333656
27/08/12;0; 19:00:00;14875200;10165635;4372414;337151;201;0.699243412922876;0.0226653087017317
27/08/12;0; 20:00:00;14875200;9729937;4802130;343133;201;0.669549417849505;0.0230674545552329
27/08/12;0; 21:00:00;14875200;8269152;6256848;349200;201;0.569265592730277;0.0234753146176186
27/08/12;0; 22:00:00;14875200;6558395;7970834;345971;201;0.451393188172614;0.0232582419059912
27/08/12;0; 23:00:00;14875200;5463794;9066238;345168;201;0.37603454693011;0.0232042594385286
28/08/12;1; 00:00:00;14875200;4794894;9733212;347094;201;0.330042608444625;0.0233337366892546
28/08/12;1; 01:00:00;14875200;4356167;10171849;347184;201;0.299845966579332;0.0233397870280736
28/08/12;1; 02:00:00;14875200;4019628;10506352;349220;201;0.276719918380722;0.0234766591373561
28/08/12;1; 03:00:00;14875200;3942086;10579453;353661;201;0.271464753150475;0.0237752097450791
28/08/12;1; 04:00:00;14875200;3974778;10546192;354230;201;0.27372675516856;0.0238134613316123
28/08/12;1; 05:00:00;14875200;4208933;10300547;365720;201;0.290081588037614;0.0245858879208347
28/08/12;1; 06:00:00;14875200;4946186;9507124;421890;201;0.342218218525722;0.0283619716037431
28/08/12;1; 07:00:00;14875200;5542532;8297674;1034994;201;0.400466004624498;0.0695784930622782
28/08/12;1; 08:00:00;14875200;6629716;7208015;1037469;201;0.479104269334329;0.0697448773797999
28/08/12;1; 09:00:00;14875200;7907961;6620177;347062;201;0.544320338917486;0.0233315854576745
28/08/12;1; 10:00:00;14875200;9131856;5395689;347655;201;0.628589069935767;0.0233714504678929
28/08/12;1; 11:00:00;14875200;10075762;4439927;359511;201;0.694129090255378;0.0241684817683124
28/08/12;1; 12:00:00;14875200;10573989;3936678;364533;201;0.728704545421654;0.0245060906744111
28/08/12;1; 13:00:00;14875200;10577711;3933298;364191;201;0.728943865998567;0.024483099386899
28/08/12;1; 14:00:00;14875200;10017709;4500862;356629;201;0.689992768572058;0.0239747364741314
28/08/12;1; 15:00:00;14875200;9100157;4895279;879764;201;0.650223187044691;0.0591430031192858
28/08/12;1; 16:00:00;14875200;8691141;4573672;1610387;201;0.655202677942011;0.108259855329676
28/08/12;1; 17:00:00;14875200;8932909;4335100;1607191;201;0.673266727509757;0.108045001075616
28/08/12;1; 18:00:00;14875200;10183666;3593534;1098000;201;0.739168045756758;0.0738141335914811
28/08/12;1; 19:00:00;14875200;10657073;3873223;344904;201;0.7334381212881;0.0231865117779929
28/08/12;1; 20:00:00;14875200;10238727;4289163;347310;201;0.704763527256883;0.0233482575024201
28/08/12;1; 21:00:00;14875200;8753293;5776307;345600;201;0.602445559409757;0.0232333010648596
28/08/12;1; 22:00:00;14875200;7045388;7483774;346038;201;0.484913582765475;0.023262746047112
28/08/12;1; 23:00:00;14875200;5740625;8787318;347257;201;0.39514368964691;0.0233446945251156
29/08/12;2; 00:00:00;14875200;4819531;9709808;345861;201;0.331710272573308;0.0232508470474347
29/08/12;2; 01:00:00;14875200;4213382;10317820;343998;201;0.28995412767643;0.0231256050338819
29/08/12;2; 02:00:00;14875200;3918764;10614436;342000;201;0.26964219855228;0.0229912875121007
29/08/12;2; 03:00:00;14875200;3831995;10686712;356493;201;0.263935004680513;0.0239655937399161
29/08/12;2; 04:00:00;14875200;3821991;10693209;360000;201;0.263309565145503;0.0242013552758954
29/08/12;2; 05:00:00;14875200;4130813;10370248;374139;201;0.284862811072928;0.0251518635043562
29/08/12;2; 06:00:00;14875200;4902619;9543201;429380;201;0.339379765219281;0.0288654942454555
29/08/12;2; 07:00:00;14875200;5642201;8174400;1058599;201;0.408363894998488;0.0711653624825212
29/08/12;2; 08:00:00;14875200;6625829;7190873;1058498;201;0.479552139142901;0.0711585726578466
29/08/12;2; 09:00:00;14875200;7973353;6545417;356430;201;0.549175515556759;0.0239613585027428
29/08/12;2; 10:00:00;14875200;9350951;5167658;356591;201;0.644066590676834;0.0239721818866301
29/08/12;2; 11:00:00;14875200;10054672;4460406;360122;201;0.692705337167324;0.0242095568462945
29/08/12;2; 12:00:00;14875200;10636779;3882021;356400;201;0.732621084387139;0.0239593417231365
29/08/12;2; 13:00:00;14875200;10443984;4071979;359237;201;0.719482682616372;0.0241500618479079
29/08/12;2; 14:00:00;14875200;9869407;4634375;371418;201;0.680471272941085;0.0249689415940626
29/08/12;2; 15:00:00;14875200;9267779;4714632;892789;201;0.662816949094115;0.0600186215983651
29/08/12;2; 16:00:00;14875200;8750165;4514275;1610760;201;0.659670894511943;0.108284930622782
29/08/12;2; 17:00:00;14875200;9076905;4189119;1609176;201;0.684221964320282;0.108178444659568
29/08/12;2; 18:00:00;14875200;10197829;3566126;1111245;201;0.740908336303047;0.0747045417876734
29/08/12;2; 19:00:00;14875200;10780942;3737557;356701;201;0.742565880949539;0.0239795767451866
29/08/12;2; 20:00:00;14875200;10388012;4131442;355746;201;0.715454727154341;0.0239153759277186
29/08/12;2; 21:00:00;14875200;9109868;5408714;356618;201;0.627462654410741;0.0239739969882758
29/08/12;2; 22:00:00;14875200;7442883;7075917;356400;201;0.512637614678899;0.0239593417231365
29/08/12;2; 23:00:00;14875200;6070484;8452333;352383;201;0.417996315728553;0.0236892949338496
30/08/12;3; 00:00:00;14875200;5079237;9438479;357484;201;0.349864744564503;0.0240322146929117
30/08/12;3; 01:00:00;14875200;4424897;10086831;363472;201;0.3049186837019;0.0244347639023341
30/08/12;3; 02:00:00;14875200;3973111;10534889;367200;201;0.273856561896884;0.0246853823814134
30/08/12;3; 03:00:00;14875200;3895238;10612762;367200;201;0.268488971601875;0.0246853823814134
30/08/12;3; 04:00:00;14875200;3929261;10578739;367200;201;0.270834091535704;0.0246853823814134
30/08/12;3; 05:00:00;14875200;4194362;10299238;381600;201;0.289394077385881;0.0256534365924492
30/08/12;3; 06:00:00;14875200;4846875;9595140;433185;201;0.335609331523337;0.0291212891255244
30/08/12;3; 07:00:00;14875200;5607956;8217569;1049675;201;0.405623366924583;0.0705654377756265
30/08/12;3; 08:00:00;14875200;6744271;7083298;1047631;201;0.487740903697534;0.070428027858449
30/08/12;3; 09:00:00;14875200;7937994;6583816;353390;201;0.54662566167716;0.0237569915026353
30/08/12;3; 10:00:00;14875200;9071236;5451164;352800;201;0.624637525477882;0.0237173281703775
30/08/12;3; 11:00:00;14875200;9940348;4574849;360003;201;0.684823499123023;0.0242015569538561
30/08/12;3; 12:00:00;14875200;10544655;3970680;359865;201;0.726449303443565;0.024192279767667
30/08/12;3; 13:00:00;14875200;10398980;4117262;358958;201;0.716368602838117;0.0241313057975691
30/08/12;3; 14:00:00;14875200;10078071;4439034;358095;201;0.694220438579179;0.0240732897708938
30/08/12;3; 15:00:00;14875200;9270816;4725984;878400;201;0.662352537722908;0.0590513068731849
30/08/12;3; 16:00:00;14875200;8794176;4474974;1606050;201;0.662753529804094;0.107968296224589
30/08/12;3; 17:00:00;14875200;9004204;4260530;1610466;201;0.67880773183993;0.10826516618264
30/08/12;3; 18:00:00;14878800;10006711;3767414;1104675;201;0.726486147032933;0.0742448987821599
30/08/12;3; 19:00:00;14878800;10419934;4113266;345600;201;0.716974513527647;0.0232276796515848
30/08/12;3; 20:00:00;14878800;10019987;4510403;348410;201;0.689588304236844;0.0234165389681964
30/08/12;3; 21:00:00;14878800;8998538;5529866;350396;201;0.6193755349865;0.0235500174745275
30/08/12;3; 22:00:00;14878800;7733490;6796246;349064;201;0.532252616289794;0.0234604941258704
30/08/12;3; 23:00:00;14878800;6284624;8248576;345600;201;0.432432224148845;0.0232276796515848
31/08/12;4; 00:00:00;14878800;5176010;9352397;350393;201;0.356268240557963;0.0235498158453639
31/08/12;4; 01:00:00;14878800;4434371;10094310;350119;201;0.305214974435739;0.0235314003817512
31/08/12;4; 02:00:00;14878800;3950708;10580697;347395;201;0.27187377958291;0.0233483211011641
31/08/12;4; 03:00:00;14878800;3785186;10748014;345600;201;0.260450967440068;0.0232276796515848
31/08/12;4; 04:00:00;14878800;3801815;10722282;354703;201;0.261759130361082;0.0238394897437965
31/08/12;4; 05:00:00;14878800;4006661;10501339;370800;201;0.276169079128757;0.0249213646261795
31/08/12;4; 06:00:00;14878800;4699398;9756451;422951;201;0.32508626784909;0.0284264187972148
31/08/12;4; 07:00:00;14878800;5309749;8524346;1044705;201;0.383816144099054;0.0702143318009517
31/08/12;4; 08:00:00;14882400;6494772;7342310;1045318;201;0.469374395555363;0.0702385367951406
31/08/12;4; 09:00:00;14882400;7851914;6677686;352800;201;0.540408132364277;0.0237058538945331
31/08/12;4; 10:00:00;14882400;9040617;5492583;349200;201;0.622066509784493;0.0234639574262216
31/08/12;4; 11:00:00;14882400;9908681;4615802;357917;201;0.682205418258261;0.0240496828468527
31/08/12;4; 12:00:00;14889600;10564241;3968959;356400;201;0.726903985357664;0.023936170212766
31/08/12;4; 13:00:00;14893200;10420597;4116203;356400;201;0.71684256507622;0.0239303843364757
31/08/12;4; 14:00:00;14904000;10032326;4517522;354152;201;0.689514144752577;0.0237622114868492
31/08/12;4; 15:00:00;14907600;9244316;4780103;883181;201;0.659158571916598;0.0592436743674367
31/08/12;4; 16:00:00;14907600;8513683;4788317;1605600;201;0.640030296196061;0.107703453272156
31/08/12;4; 17:00:00;14911200;8470507;4835093;1605600;201;0.636612178330928;0.107677450507001
31/08/12;4; 18:00:00;14911200;8997380;4803783;1110037;201;0.651929116408523;0.0744431702344546
31/08/12;4; 19:00:00;14911200;9271434;5286966;352800;201;0.636844296076492;0.0236600676001931
31/08/12;4; 20:00:00;14911200;9219484;5338916;352800;201;0.633275909440598;0.0236600676001931
31/08/12;4; 21:00:00;14911200;8869918;5687251;354031;201;0.609316138323324;0.0237426229947959
31/08/12;4; 22:00:00;14911200;8419282;6135518;356400;201;0.578453980817325;0.0239014968614196
31/08/12;4; 23:00:00;14911200;7807439;6747361;356400;201;0.536416783466623;0.0239014968614196
01/09/12;5; 00:00:00;14911200;6955359;7599441;356400;201;0.477873897271003;0.0239014968614196
01/09/12;5; 01:00:00;14911200;6150356;8401048;359796;201;0.422664094818617;0.0241292451311766
01/09/12;5; 02:00:00;14911200;5094203;9459197;357800;201;0.350035249494963;0.0239953860185632
01/09/12;5; 03:00:00;14911200;4637264;9917536;356400;201;0.318607194877291;0.0239014968614196
01/09/12;5; 04:00:00;14911200;4484779;10070021;356400;201;0.30813058235084;0.0239014968614196
01/09/12;5; 05:00:00;14911200;4421205;10133595;356400;201;0.303762676230522;0.0239014968614196
01/09/12;5; 06:00:00;14911200;4573118;9981682;356400;201;0.314199989007063;0.0239014968614196
01/09/12;5; 07:00:00;14911200;4901160;9653640;356400;201;0.336738395580839;0.0239014968614196
01/09/12;5; 08:00:00;14911200;5496558;9058242;356400;201;0.377645725121609;0.0239014968614196
01/09/12;5; 09:00:00;14911200;6214330;8340470;356400;201;0.426960865144145;0.0239014968614196
01/09/12;5; 10:00:00;14911200;7097385;7462528;351287;201;0.487460673700454;0.0235586002467944
01/09/12;5; 11:00:00;14911200;7681055;6871321;358824;201;0.527821367452298;0.0240640592306454
01/09/12;5; 12:00:00;14911200;8317722;6233478;360000;201;0.571617598548573;0.0241429261226461
01/09/12;5; 13:00:00;14911200;8374586;6176925;359689;201;0.575513154613291;0.0241220693170234
01/09/12;5; 14:00:00;14911200;8318394;6239106;353700;201;0.571416383307573;0.0237204249154998
01/09/12;5; 15:00:00;14911200;8238837;6308632;363731;201;0.566341608976792;0.0243931407264338
01/09/12;5; 16:00:00;14911200;8308750;6243154;359296;201;0.570973392897589;0.0240957132893396
01/09/12;5; 17:00:00;14911200;8614732;5940068;356400;201;0.591882540467749;0.0239014968614196
01/09/12;5; 18:00:00;14911200;9484169;5076642;350389;201;0.651348953021916;0.0234983770588551
01/09/12;5; 19:00:00;14911200;10021454;4533389;356357;201;0.688530546155668;0.0238986131230216
01/09/12;5; 20:00:00;14911200;10080206;4474594;356400;201;0.692569186797483;0.0239014968614196
01/09/12;5; 21:00:00;14911200;10052268;4501015;357917;201;0.690721674277893;0.0240032324695531
01/09/12;5; 22:00:00;14911200;9713328;4834011;363861;201;0.667704794670695;0.0244018590053114
01/09/12;5; 23:00:00;14911200;9167424;5385202;358574;201;0.62994981112;0.0240472933097269
02/09/12;6; 00:00:00;14911200;8425133;6129726;356341;201;0.578853632316191;0.0238975401040828
02/09/12;6; 01:00:00;14911200;7267125;7285424;358651;201;0.499371278529967;0.0240524572133698
02/09/12;6; 02:00:00;14911200;5428530;9116269;366401;201;0.373228258431072;0.0245722007618434
02/09/12;6; 03:00:00;14911200;4720852;9829888;360460;201;0.324440681367408;0.0241737754171361
02/09/12;6; 04:00:00;14911200;4423395;10130365;357440;201;0.303934859445257;0.0239712430924406
02/09/12;6; 05:00:00;14911200;4406360;10136069;368771;201;0.30300027595115;0.0247311416921509
02/09/12;6; 06:00:00;14911200;4598654;9938335;374211;201;0.316341575273944;0.0250959681313375
02/09/12;6; 07:00:00;14911200;5152961;9391434;366805;201;0.354291876698893;0.0245992944900477
02/09/12;6; 08:00:00;14911200;6117703;8424229;369268;201;0.420693962810444;0.0247644723429369
02/09/12;6; 09:00:00;14911200;7599771;6938735;372694;201;0.522733972802983;0.024994232523204
02/09/12;6; 10:00:00;14911200;9107406;5425300;378494;201;0.626683427023157;0.0253832018885133
02/09/12;6; 11:00:00;14911200;10273364;4261877;375959;201;0.706790069734654;0.0252131954503997
02/09/12;6; 12:00:00;14911200;10876338;3653372;381490;201;0.748558505297077;0.0255841246848007
02/09/12;6; 13:00:00;14911200;11210499;3309663;391038;201;0.772064319943538;0.0262244487365202
02/09/12;6; 14:00:00;14911200;11255230;3264597;391373;201;0.775162817022544;0.026246915070551
02/09/12;6; 15:00:00;14911200;11076828;3448963;385409;201;0.762562809832525;0.0258469472611192
02/09/12;6; 16:00:00;14911200;10964092;3563735;383373;201;0.754695936288338;0.0257104056011589
02/09/12;6; 17:00:00;14911200;10544546;3985281;381373;201;0.72571724357076;0.0255762782338108
02/09/12;6; 18:00:00;14911200;10423544;4125019;362637;201;0.716465536836868;0.0243197730564944
02/09/12;6; 19:00:00;14911200;10369744;4167174;374282;201;0.713338549477957;0.0251007296528784
02/09/12;6; 20:00:00;14911200;10083491;4454651;373058;201;0.693588699298714;0.0250186437040614
02/09/12;6; 21:00:00;14911200;9446883;5095276;369041;201;0.649620389929721;0.0247492488867429
02/09/12;6; 22:00:00;14911200;8404505;6136153;370542;201;0.578000321581045;0.0248499114759375
02/09/12;6; 23:00:00;14911200;7216274;7323843;371083;201;0.496300958238507;0.0248861929288052
03/09/12;0; 00:00:00;14911200;6064013;8474559;372628;201;0.417098254216439;0.0249898063200815
03/09/12;0; 01:00:00;14911200;5205593;9331207;374400;201;0.358097586814154;0.0251086431675519
03/09/12;0; 02:00:00;14911200;4476474;10050584;384142;201;0.308147320675666;0.0257619775739042
03/09/12;0; 03:00:00;14911200;4175972;10350859;384369;201;0.287466137659342;0.0257772010300982
03/09/12;0; 04:00:00;14911200;4080280;10446435;384485;201;0.280881121437297;0.0257849804174044
03/09/12;0; 05:00:00;14911200;4053697;10457280;400223;201;0.279353829862731;0.026840428671066
03/09/12;0; 06:00:00;14911200;4193211;10258707;459282;201;0.290149099932618;0.0308011427651698
03/09/12;0; 07:00:00;14911200;4328434;9507275;1075491;201;0.312845116936183;0.0721263882182521
03/09/12;0; 08:00:00;14911200;4772592;9068192;1070416;201;0.344820929219038;0.0717860400236064
03/09/12;0; 09:00:00;14911200;5565563;8967900;377737;201;0.382948165898245;0.0253324346799721
03/09/12;0; 10:00:00;14911200;6533439;8003361;374400;201;0.449441348852567;0.0251086431675519
03/09/12;0; 11:00:00;14911200;7814252;6717326;379622;201;0.537742838389609;0.0254588497236976
03/09/12;0; 12:00:00;14911200;9085948;5454874;370378;201;0.624857934441395;0.024838913031815
03/09/12;0; 13:00:00;14911200;9720318;4821322;369560;201;0.668447162768436;0.0247840549385697
03/09/12;0; 14:00:00;14911200;9754817;4788606;367777;201;0.670737349797224;0.0246644803905789
03/09/12;0; 15:00:00;14911200;9306700;4707633;896867;201;0.664084405586766;0.0601472047856645
03/09/12;0; 16:00:00;14911200;8558598;4721982;1630620;201;0.644444595040277;0.109355383872525
03/09/12;0; 17:00:00;14911200;8236790;5047708;1626702;201;0.620030203625308;0.109092628359891
03/09/12;0; 18:00:00;14911200;8511134;5280715;1119351;201;0.617113339915482;0.0750678013841944
03/09/12;0; 19:00:00;14911200;8496260;6053914;361026;201;0.58392841212758;0.0242117334620956
03/09/12;0; 20:00:00;14911200;7949109;6591711;370380;201;0.546675428208313;0.0248390471591824
03/09/12;0; 21:00:00;14911200;6829839;7716521;364840;201;0.469522203492833;0.0244675143516283
03/09/12;0; 22:00:00;14911200;5723173;8821250;366777;201;0.393496049997996;0.0245974167069049
03/09/12;0; 23:00:00;14911200;4937216;9597058;376926;201;0.339694710585475;0.0252780460325125
04/09/12;1; 00:00:00;14911200;4457222;10072378;381600;201;0.306768390045149;0.0255915016900048
04/09/12;1; 01:00:00;14911200;4184821;10345852;380527;201;0.287999117453128;0.0255195423574226
04/09/12;1; 02:00:00;14911200;3976743;10554929;379528;201;0.273660388150792;0.0254525457374323
04/09/12;1; 03:00:00;14911200;3936830;10592770;381600;201;0.270952400616672;0.0255915016900048
04/09/12;1; 04:00:00;14911200;4010224;10519376;381600;201;0.276003744081048;0.0255915016900048
04/09/12;1; 05:00:00;14911200;4210913;10308784;391503;201;0.29001383431073;0.0262556333494286
04/09/12;1; 06:00:00;14911200;4928684;9553547;428969;201;0.340326293649093;0.0287682413219593
04/09/12;1; 07:00:00;14911200;5606858;8271547;1032795;201;0.403998730401656;0.0692630371801062
04/09/12;1; 08:00:00;14911200;6717973;7171358;1021869;201;0.483678659540909;0.0685302993722839
04/09/12;1; 09:00:00;14911200;7913745;6666799;330656;201;0.542760613047085;0.0221750093889157
04/09/12;1; 10:00:00;14911200;8976718;5605007;329475;201;0.615614270602415;0.0220958071784967
04/09/12;1; 11:00:00;14911200;9699685;4883675;327840;201;0.665120040923354;0.0219861580556897
04/09/12;1; 12:00:00;14911200;10201325;4385124;324751;201;0.699370011165843;0.0217789983368206
04/09/12;1; 13:00:00;14911200;10339267;4240254;331679;201;0.709163696118686;0.0222436155373142
04/09/12;1; 14:00:00;14911200;10061257;4523805;326138;201;0.689832994882024;0.0218720156660765
04/09/12;1; 15:00:00;14911200;9285075;4776369;849756;201;0.660321585748946;0.0569877675840979
04/09/12;1; 16:00:00;14911200;8869963;4461319;1579918;201;0.665349589034273;0.105955120982885
04/09/12;1; 17:00:00;14911200;9344706;3972273;1594221;201;0.701713654425677;0.106914332850475
04/09/12;1; 18:00:00;14911200;10449690;3363510;1098000;201;0.756500304056989;0.0736359246740705
04/09/12;1; 19:00:00;14911200;10614789;3958011;338400;201;0.728397356719368;0.0226943505552873
04/09/12;1; 20:00:00;14914800;10237296;4329067;348437;201;0.702803850212987;0.0233618285193231
04/09/12;1; 21:00:00;14914800;8990527;5577435;346838;201;0.617143770693526;0.0232546195725052
04/09/12;1; 22:00:00;14914800;7713762;6855438;345600;201;0.529456799275183;0.0231716147719044
04/09/12;1; 23:00:00;14914800;6194971;8372984;346845;201;0.425246439874368;0.0232550889049803
05/09/12;2; 00:00:00;14911200;4757890;9810617;342693;201;0.326587343507471;0.0229822549492999
05/09/12;2; 01:00:00;14911200;4202675;10358567;349958;201;0.288620641014001;0.0234694726111916
05/09/12;2; 02:00:00;14911200;3932626;10629374;349200;201;0.270060843290757;0.0234186383389667
05/09/12;2; 03:00:00;14911200;3861229;10700771;349200;201;0.265157876665293;0.0234186383389667
05/09/12;2; 04:00:00;14911200;3855935;10704524;350741;201;0.264822352097554;0.0235219834755083
05/09/12;2; 05:00:00;14911200;4153506;10390494;367200;201;0.285582095709571;0.024625784645099
05/09/12;2; 06:00:00;14911200;4860906;9631021;419273;201;0.335421645444391;0.0281179918450561
05/09/12;2; 07:00:00;14911200;5558314;8317105;1035781;201;0.400587110198258;0.0694632893395568
05/09/12;2; 08:00:00;14911200;6703778;7178404;1029018;201;0.482905208993802;0.0690097376468695
05/09/12;2; 09:00:00;14911200;7976984;6596459;337757;201;0.547364407985127;0.0226512286066849
05/09/12;2; 10:00:00;14911200;9293535;5276310;341355;201;0.63786093812254;0.022892523740544
05/09/12;2; 11:00:00;14911200;10158919;4406681;345600;201;0.697459699566101;0.0231772090777402
05/09/12;2; 12:00:00;14911200;10682231;3876744;352225;201;0.733721364313078;0.0236215059820806
05/09/12;2; 13:00:00;14911200;10428368;4133185;349647;201;0.716157679060743;0.023448615805569
05/09/12;2; 14:00:00;14911200;9879579;4687943;343678;201;0.678192145513836;0.0230483126777188
05/09/12;2; 15:00:00;14911200;9276444;4771062;863694;201;0.660362344746462;0.0579225012071463
05/09/12;2; 16:00:00;14911200;9164173;4152110;1594917;201;0.688193019027907;0.106961009174312
05/09/12;2; 17:00:00;14911200;9851091;3458428;1601681;201;0.740153795189744;0.107414627930683
05/09/12;2; 18:00:00;14911200;11160262;2646456;1104482;201;0.808321137579546;0.0740706314716455
05/09/12;2; 19:00:00;14911200;11702436;2864785;343979;201;0.803340321396923;0.0230684988465046
05/09/12;2; 20:00:00;14911200;11307693;3257064;346443;201;0.77637361200053;0.0232337437630774
05/09/12;2; 21:00:00;14911200;9935821;4628503;346876;201;0.682202689256295;0.0232627823381083
05/09/12;2; 22:00:00;14911200;7522215;7054184;334801;201;0.516054410969403;0.0224529883577445
05/09/12;2; 23:00:00;14911200;5901523;8676566;333111;201;0.404821441273956;0.0223396507323354
06/09/12;3; 00:00:00;14911200;5025028;9547733;338439;201;0.344823331693973;0.0226969660389506
06/09/12;3; 01:00:00;14911200;4505033;10067767;338400;201;0.309139835858586;0.0226943505552873
06/09/12;3; 02:00:00;14911200;4033409;10539391;338400;201;0.276776528875714;0.0226943505552873
06/09/12;3; 03:00:00;14911200;3903453;10667373;340374;201;0.267895107662393;0.0228267342668598
06/09/12;3; 04:00:00;14911200;3956662;10608938;345600;201;0.271644285165046;0.0231772090777402
06/09/12;3; 05:00:00;14911200;4215607;10335593;360000;201;0.289708546374182;0.0241429261226461
06/09/12;3; 06:00:00;14911200;4969394;9529261;412545;201;0.342748620475485;0.0276667873812973
06/09/12;3; 07:00:00;14911200;5647169;8234339;1029692;201;0.406812357850458;0.0690549385696658
06/09/12;3; 08:00:00;14911200;6803128;7085588;1022484;201;0.489831313420189;0.0685715435377434
06/09/12;3; 09:00:00;14911200;8045432;6540168;325600;201;0.551601031154015;0.0218359354042599
06/09/12;3; 10:00:00;14911200;9290575;5294614;326011;201;0.636986946141048;0.0218634985782499
06/09/12;3; 11:00:00;14911200;10044423;4521607;345170;201;0.68957862918036;0.0231483716937604
06/09/12;3; 12:00:00;14911200;10562758;4006442;342000;201;0.725006040139472;0.0229357798165138
06/09/12;3; 13:00:00;14911200;10628477;3942882;339841;201;0.729408766883034;0.0227909893234616
06/09/12;3; 14:00:00;14911200;10338270;4227502;345428;201;0.709764645499051;0.0231656741241483
06/09/12;3; 15:00:00;14911200;9588150;4456203;866847;201;0.682704998941567;0.0581339530017705
06/09/12;3; 16:00:00;14911200;9176280;4145168;1589752;201;0.688835027543552;0.106614625248136
06/09/12;3; 17:00:00;14911200;9341087;3980518;1589595;201;0.701198316569212;0.106604096249799
06/09/12;3; 18:00:00;14911200;10486864;3338309;1086027;201;0.758534016174698;0.0728329711894415
06/09/12;3; 19:00:00;14911200;11154347;3429253;327600;201;0.764855522641872;0.0219700627716079
06/09/12;3; 20:00:00;14911200;11036010;3551341;323849;201;0.756546545016981;0.0217185068941467
06/09/12;3; 21:00:00;14911200;9987725;4588864;334611;201;0.685189450014678;0.0224402462578464
06/09/12;3; 22:00:00;14911200;8055155;6519057;336988;201;0.552699178521624;0.0225996566339396
06/09/12;3; 23:00:00;14911200;6507539;8065261;338400;201;0.446553785133948;0.0226943505552873
07/09/12;4; 00:00:00;14911200;5462863;9111618;336719;201;0.374823844499163;0.0225816165030313
07/09/12;4; 01:00:00;14911200;4674344;9899565;337291;201;0.320733716671347;0.0226199769300928
07/09/12;4; 02:00:00;14911200;4056960;10513133;341107;201;0.278444344864511;0.0228758919469929
07/09/12;4; 03:00:00;14911200;3923570;10648772;338858;201;0.269247729706042;0.02272506572241
07/09/12;4; 04:00:00;14911200;3938546;10625706;346948;201;0.270425559788446;0.0232676109233328
07/09/12;4; 05:00:00;14911200;4275902;10273180;362118;201;0.293894968768476;0.0242849670046676
07/09/12;4; 06:00:00;14911200;5009282;9489848;412070;201;0.345488453445138;0.0276349321315521
07/09/12;4; 07:00:00;14911200;5704210;8177759;1029231;201;0.410907847438645;0.069024022211492
07/09/12;4; 08:00:00;14911200;6926721;6945483;1038996;201;0.499323755619511;0.0696788990825688
07/09/12;4; 09:00:00;14911200;8218446;6353933;338821;201;0.563974214505401;0.0227225843661141
07/09/12;4; 10:00:00;14911200;9405199;5167754;338247;201;0.645387314431056;0.0226840898116852
07/09/12;4; 11:00:00;14911200;9943314;4615761;352125;201;0.682963306391374;0.0236147996137132
07/09/12;4; 12:00:00;14911200;10344074;4214326;352800;201;0.710522722277173;0.0236600676001931
07/09/12;4; 13:00:00;14911200;10515642;4044667;350891;201;0.722212832158988;0.0235320430280594
07/09/12;4; 14:00:00;14911200;10273924;4294380;342896;201;0.705224437930455;0.0229958688770857
07/09/12;4; 15:00:00;14911200;9795587;4243591;872022;201;0.697732231901326;0.0584810075647835
07/09/12;4; 16:00:00;14911200;9493597;3826037;1591566;201;0.712752092137066;0.10673627877032
07/09/12;4; 17:00:00;14911200;10067913;3252760;1590527;201;0.755811136569451;0.106666599602983
07/09/12;4; 18:00:00;14911200;11137445;2678551;1095204;201;0.806126825746041;0.0734484146145179
07/09/12;4; 19:00:00;14911200;11884112;2695888;331200;201;0.815096844993141;0.0222114920328344
07/09/12;4; 20:00:00;14911200;11973979;2606021;331200;201;0.821260562414266;0.0222114920328344
07/09/12;4; 21:00:00;14911200;11769761;2799197;342242;201;0.80786566891057;0.0229520092279629
07/09/12;4; 22:00:00;14911200;10919097;3634849;357254;201;0.750249932217695;0.0239587692472772
07/09/12;4; 23:00:00;14911200;9206475;5352862;351863;201;0.632341637534731;0.0235972289285906
08/09/12;5; 00:00:00;14911200;7761644;6800210;349346;201;0.533012073874659;0.0234284296367831
08/09/12;5; 01:00:00;14911200;6385351;8155267;370582;201;0.439138900423627;0.0248525940232845
08/09/12;5; 02:00:00;14911200;4755749;9781577;373874;201;0.327140562163908;0.0250733676699394
08/09/12;5; 03:00:00;14911200;4161495;10378905;370800;201;0.286202236527193;0.0248672139063254
08/09/12;5; 04:00:00;14911200;4038704;10499854;372642;201;0.277792611894522;0.024990745211653
08/09/12;5; 05:00:00;14911200;4009937;10523263;378000;201;0.275915627666309;0.0253500724287784
08/09/12;5; 06:00:00;14911200;4384128;10149072;378000;201;0.301662951036248;0.0253500724287784
08/09/12;5; 07:00:00;14911200;4824956;9710047;376197;201;0.331954248650654;0.0252291566071141
08/09/12;5; 08:00:00;14911200;5855355;8687309;368536;201;0.402632901372128;0.0247153817264875
08/09/12;5; 09:00:00;14911200;6680631;7866424;364145;201;0.459242850185141;0.0244209050914749
08/09/12;5; 10:00:00;14911200;8191970;6359549;359681;201;0.562963220540756;0.0241215328075541
08/09/12;5; 11:00:00;14911200;9322462;5223033;365705;201;0.640917479948259;0.0245255244380063
08/09/12;5; 12:00:00;14911200;10034434;4512615;364151;201;0.689791723393521;0.0244213074735769
08/09/12;5; 13:00:00;14911200;10455900;4093877;361423;201;0.718629570748748;0.0242383577445142
08/09/12;5; 14:00:00;14911200;10397024;4154176;360000;201;0.714513167298917;0.0241429261226461
08/09/12;5; 15:00:00;14911200;10098007;4445449;367744;201;0.694333382656777;0.0246622672890177
08/09/12;5; 16:00:00;14911200;9646548;4904275;360377;201;0.66295549055885;0.0241682091313912
08/09/12;5; 17:00:00;14911200;9956125;4595075;360000;201;0.684213329484853;0.0241429261226461
08/09/12;5; 18:00:00;14911200;10911267;3643969;355964;201;0.749645488400188;0.0238722570953377
08/09/12;5; 19:00:00;14911200;11476489;3037591;397120;201;0.790714189256226;0.0266323300606256
08/09/12;5; 20:00:00;14911200;11529680;2969069;412451;201;0.795218953028292;0.0276604833950319
08/09/12;5; 21:00:00;14914800;11424423;3089439;400938;201;0.78713873674698;0.0268818891302599
08/09/12;5; 22:00:00;14914800;10938890;3579917;395993;201;0.753428983524611;0.026550339260332
08/09/12;5; 23:00:00;14914800;10150332;4372068;392400;201;0.69894314989258;0.0263094376055998
09/09/12;6; 00:00:00;14914800;9174003;5354389;386408;201;0.631453432699228;0.0259076890068925
09/09/12;6; 01:00:00;14914800;7806801;6726632;381367;201;0.537161522676714;0.0255697025773058
09/09/12;6; 02:00:00;14914800;5426819;9104612;383369;201;0.3734538601188;0.0257039316651916
09/09/12;6; 03:00:00;14914800;4678000;9851600;385200;201;0.321963440149763;0.0258266956311851
09/09/12;6; 04:00:00;14914800;4523955;10007121;383724;201;0.311329663405518;0.0257277335264301
09/09/12;6; 05:00:00;14914800;4593574;9943226;378000;201;0.315996230257003;0.0253439536567705
09/09/12;6; 06:00:00;14914800;4940817;9596615;377368;201;0.339868623289175;0.0253015796390163
09/09/12;6; 07:00:00;14914800;5737922;8796396;380482;201;0.394784399240473;0.0255103655429506
09/09/12;6; 08:00:00;14914800;7277292;7258490;379018;201;0.500646748829887;0.025412208008153
09/09/12;6; 09:00:00;14914800;9013040;5520160;381600;201;0.620168992376077;0.0255853246439778
09/09/12;6; 10:00:00;14914800;10464284;4071589;378927;201;0.719893741504208;0.0254061066859763
09/09/12;6; 11:00:00;14914800;11198796;3333362;382642;201;0.770621679175247;0.025655188135275
09/09/12;6; 12:00:00;14914800;11613648;2919468;381684;201;0.799116170269335;0.0255909566336793
09/09/12;6; 13:00:00;14914800;11913907;2621457;379436;201;0.819649717750446;0.0254402338616676
09/09/12;6; 14:00:00;14914800;12094822;2441867;378111;201;0.832020414002116;0.025351395928876
09/09/12;6; 15:00:00;14914800;12053004;2477389;384407;201;0.829502959761653;0.0257735269665031
09/09/12;6; 16:00:00;14914800;12005861;2522839;386100;201;0.826354801186617;0.025887038377987
09/09/12;6; 17:00:00;14914800;11746106;2787094;381600;201;0.808225717667135;0.0255853246439778
09/09/12;6; 18:00:00;14914800;11401491;3138909;374400;201;0.784124989683915;0.0251025826695631
09/09/12;6; 19:00:00;14914800;11275909;3261680;377211;201;0.775638174940838;0.0252910531820742
09/09/12;6; 20:00:00;14914800;10246197;4294034;374569;201;0.70467910723014;0.0251139136964626
09/09/12;6; 21:00:00;14914800;8175544;6368456;370800;201;0.562124862486249;0.0248612116823558
09/09/12;6; 22:00:00;14914800;6573574;7966428;374798;201;0.452102688844197;0.0251292675731488
09/09/12;6; 23:00:00;14914800;5474818;9058382;381600;201;0.376711116615749;0.0255853246439778
10/09/12;0; 00:00:00;14914800;4789272;9743928;381600;201;0.329540087523739;0.0255853246439778
10/09/12;0; 01:00:00;14914800;4443398;10088456;382946;201;0.305769518466123;0.0256755705741948
10/09/12;0; 02:00:00;14914800;4104131;10422678;387991;201;0.282521164833929;0.0260138251937673
10/09/12;0; 03:00:00;14914800;4052876;10473124;388800;201;0.279008398733306;0.0260680666183925
10/09/12;0; 04:00:00;14914800;4043975;10482025;388800;201;0.278395635412364;0.0260680666183925
10/09/12;0; 05:00:00;14914800;4277373;10233922;403505;201;0.294761632231996;0.027054000053638
10/09/12;0; 06:00:00;14914800;4982930;9474517;457353;201;0.344661820306172;0.0306643736422882
10/09/12;0; 07:00:00;14914800;5525068;8314395;1075337;201;0.399225605791207;0.0720986536862714
10/09/12;0; 08:00:00;14914800;6456261;7394202;1064337;201;0.466140445990867;0.07136113122536
10/09/12;0; 09:00:00;14914800;7473831;7068271;372698;201;0.513944338995834;0.0249884678306112
10/09/12;0; 10:00:00;14914800;8844094;5699906;370800;201;0.608092271727173;0.0248612116823558
10/09/12;0; 11:00:00;14914800;9861031;4677912;375857;201;0.678249512361387;0.0252002708718856
10/09/12;0; 12:00:00;14914800;10218959;4312751;383090;201;0.703217928241067;0.0256852254136831
10/09/12;0; 13:00:00;14914800;10064930;4475267;374603;201;0.692214142628191;0.0251161933113418
10/09/12;0; 14:00:00;14914800;9695075;4849206;370519;201;0.666590187579572;0.0248423713358543
10/09/12;0; 15:00:00;14914800;9019938;4996651;898211;201;0.643518761947004;0.0602227988306917
10/09/12;0; 16:00:00;14918400;8634653;4660865;1622882;201;0.649440886771016;0.108783917846418
10/09/12;0; 17:00:00;14918400;8648466;4652533;1617401;201;0.650211762289434;0.108416519197769
10/09/12;0; 18:00:00;14918400;9832016;3973651;1112733;201;0.712172472362255;0.0745879584942085
10/09/12;0; 19:00:00;14918400;10181377;4368827;368196;201;0.69974118575932;0.0246806628056628
10/09/12;0; 20:00:00;14918400;9690175;4860151;368074;201;0.665976487399664;0.024672484984985
10/09/12;0; 21:00:00;14918400;8194382;6363442;360576;201;0.562885085023696;0.0241698841698842
10/09/12;0; 22:00:00;14918400;6556271;8000220;361909;201;0.450401886003983;0.0242592369154869
10/09/12;0; 23:00:00;14918400;5404637;9140042;373721;201;0.371588606390007;0.0250510108322608
11/09/12;1; 00:00:00;14918400;4698747;9841653;378000;201;0.323151151275068;0.0253378378378378
11/09/12;1; 01:00:00;14918400;4200634;10339766;378000;201;0.28889397815741;0.0253378378378378
11/09/12;1; 02:00:00;14918400;3912400;10628000;378000;201;0.269071002173255;0.0253378378378378
11/09/12;1; 03:00:00;14918400;3866893;10676256;375251;201;0.265891039141523;0.0251535687473187
11/09/12;1; 04:00:00;14918400;3901587;10642413;374400;201;0.268260932343234;0.0250965250965251
11/09/12;1; 05:00:00;14918400;4143987;10385613;388800;201;0.285209985133796;0.0260617760617761
11/09/12;1; 06:00:00;14918400;4851548;9621281;445571;201;0.335217668916008;0.029867210960961
11/09/12;1; 07:00:00;14918400;5562424;8291279;1064697;201;0.401511711345335;0.0713680421492922
11/09/12;1; 08:00:00;14918400;6693109;7164920;1060371;201;0.48297698034836;0.0710780646718147
11/09/12;1; 09:00:00;14918400;7972429;6574588;371383;201;0.548045623374194;0.0248942916130416
11/09/12;1; 10:00:00;14918400;9176785;5372767;368848;201;0.630726293153219;0.0247243672243672
11/09/12;1; 11:00:00;14918400;9999187;4541631;377582;201;0.687663307525065;0.0253098187473187
11/09/12;1; 12:00:00;14918400;10506624;4035535;376241;201;0.722494094583892;0.0252199297511798
11/09/12;1; 13:00:00;14918400;10381164;4162029;375207;201;0.713816010005506;0.0251506193693694
11/09/12;1; 14:00:00;14918400;9928800;4614416;375184;201;0.682710069079631;0.0251490776490776
11/09/12;1; 15:00:00;14918400;9229178;4784817;904405;201;0.658568666536559;0.0606234582797083
11/09/12;1; 16:00:00;14918400;8922590;4371439;1624371;201;0.671172749811212;0.108883727477477
11/09/12;1; 17:00:00;14918400;9143484;4151192;1623724;201;0.687755308967289;0.108840358215358
11/09/12;1; 18:00:00;14918400;10374542;3421809;1122049;201;0.751977243837881;0.0752124222436723
11/09/12;1; 19:00:00;14918400;11343629;3203711;371060;201;0.779773415621;0.0248726404976405
11/09/12;1; 20:00:00;14918400;11060883;3483117;374400;201;0.760511757425743;0.0250965250965251
11/09/12;1; 21:00:00;14918400;9338929;5204446;375025;201;0.642143175157073;0.0251384196696697
11/09/12;1; 22:00:00;14918400;7357355;7178221;382824;201;0.50616191611533;0.0256611969111969
11/09/12;1; 23:00:00;14918400;5687487;8839964;390949;201;0.391499307070456;0.0262058263620764
12/09/12;2; 00:00:00;14918400;4738288;9790083;390029;201;0.326140349802466;0.0261441575504076
12/09/12;2; 01:00:00;14918400;4168762;10357238;392400;201;0.286986231584745;0.0263030888030888
12/09/12;2; 02:00:00;14918400;3884040;10640122;394238;201;0.26741921496056;0.0264262923637924
12/09/12;2; 03:00:00;14918400;3820040;10702360;396000;201;0.263044675811161;0.0265444015444015
12/09/12;2; 04:00:00;14918400;3833704;10689558;395138;201;0.26396989877343;0.0264866205491206
12/09/12;2; 05:00:00;14918400;4152095;10362696;403609;201;0.28605957881171;0.0270544428356928
12/09/12;2; 06:00:00;14918400;4860062;9591704;466634;201;0.336295370406634;0.0312790915915916
12/09/12;2; 07:00:00;14918400;5685180;8158931;1074289;201;0.410656921199202;0.0720110065422565
12/09/12;2; 08:00:00;14918400;6706353;7137532;1074515;201;0.484427095428776;0.0720261556199056
12/09/12;2; 09:00:00;14918400;8093769;6438462;386169;201;0.556952955124371;0.0258854166666667
12/09/12;2; 10:00:00;14918400;9327943;5211013;379444;201;0.641582724371681;0.0254346310596311
12/09/12;2; 11:00:00;14918400;10221150;4315650;381600;201;0.703122420340102;0.0255791505791506
12/09/12;2; 12:00:00;14918400;10775445;3757843;385112;201;0.741432014558578;0.0258145645645646
12/09/12;2; 13:00:00;14918400;10593568;3928138;396694;201;0.729498861910577;0.0265909212784213
12/09/12;2; 14:00:00;14918400;10195819;4331130;391451;201;0.701855496291754;0.0262394760832261
12/09/12;2; 15:00:00;14918400;9454319;4550416;913665;201;0.675080178239717;0.0612441682754183
12/09/12;2; 16:00:00;14918400;8996564;4289872;1631964;201;0.67712394806252;0.109392696267696
12/09/12;2; 17:00:00;14918400;9442349;3843727;1632324;201;0.710695091613205;0.109416827541828
12/09/12;2; 18:00:00;14918400;10697693;3093907;1126800;201;0.775667290234636;0.075530888030888
12/09/12;2; 19:00:00;14918400;11441095;3107930;369375;201;0.78638224898232;0.0247596927284427
12/09/12;2; 20:00:00;14918400;11132539;3396428;389433;201;0.766230592993982;0.0261042068854569
12/09/12;2; 21:00:00;14918400;9940550;4596233;381617;201;0.683820484903709;0.0255802901115401
12/09/12;2; 22:00:00;14918400;7866236;6675850;376314;201;0.540928997394184;0.025224823037323
12/09/12;2; 23:00:00;14918400;6401979;8136929;379492;201;0.440334239682925;0.0254378485628486
13/09/12;3; 00:00:00;14918400;5339738;9189177;389485;201;0.367524897764217;0.0261076925139425
13/09/12;3; 01:00:00;14918400;4729346;9802898;386156;201;0.325438108526116;0.0258845452595453
13/09/12;3; 02:00:00;14918400;4163574;10372233;382593;201;0.286435696346271;0.0256457126769627
13/09/12;3; 03:00:00;14918400;4003995;10519662;394743;201;0.275687796813158;0.0264601431788932
13/09/12;3; 04:00:00;14918400;4000820;10532088;385492;201;0.275293836581089;0.0258400364650365
13/09/12;3; 05:00:00;14918400;4227147;10296304;394949;201;0.291056650378756;0.0264739516302016
13/09/12;3; 06:00:00;14918400;4999190;9470961;448249;201;0.345482918595666;0.0300467208279708
13/09/12;3; 07:00:00;14918400;5680796;8161493;1076111;201;0.410394263549909;0.0721331376018876
13/09/12;3; 08:00:00;14918400;6849108;6997390;1071902;201;0.494645505311162;0.0718510027885028
13/09/12;3; 09:00:00;14918400;8089874;6451053;377473;201;0.556352012495489;0.0253025123337623
13/09/12;3; 10:00:00;14918400;9469676;5068955;379769;201;0.651345783519783;0.0254564162376662
13/09/12;3; 11:00:00;14918400;10392070;4144266;382064;201;0.71490298518141;0.0256102531102531
13/09/12;3; 12:00:00;14918400;11053298;3480942;384160;201;0.76050058344984;0.0257507507507507
13/09/12;3; 13:00:00;14918400;10861293;3666870;390237;201;0.747602639094839;0.0261581000643501
13/09/12;3; 14:00:00;14918400;10277216;4249777;391407;201;0.707456525930728;0.0262365267052767
13/09/12;3; 15:00:00;14918400;9712588;4288834;916978;201;0.693685827053852;0.061466243028743
13/09/12;3; 16:00:00;14918400;9389136;3899084;1630180;201;0.706575899556148;0.109273112398112
13/09/12;3; 17:00:00;14918400;9645023;3637789;1635588;201;0.726128096972237;0.109635617760618
13/09/12;3; 18:00:00;14918400;10921899;2875612;1120889;201;0.791584728578944;0.0751346659159159
13/09/12;3; 19:00:00;14918400;11585645;2970090;362665;201;0.795950530838876;0.0243099125911626
13/09/12;3; 20:00:00;14918400;10972197;3572300;373903;201;0.754388206068591;0.0250632105319605
13/09/12;3; 21:00:00;14918400;9713233;4824667;380500;201;0.668131779693078;0.0255054161304161
13/09/12;3; 22:00:00;14918400;8199602;6344554;374244;201;0.563772968331748;0.0250860682110682
13/09/12;3; 23:00:00;14918400;6862116;7685288;370996;201;0.471707254435224;0.0248683504933505
14/09/12;4; 00:00:00;14918400;5670209;8865620;382571;201;0.390085009943361;0.025644237987988
14/09/12;4; 01:00:00;14918400;4796124;9739961;382315;201;0.329946061817883;0.025627077970828
14/09/12;4; 02:00:00;14918400;4120031;10420127;378242;201;0.283355311544758;0.0253540594165594
14/09/12;4; 03:00:00;14918400;3999889;10538659;379852;201;0.275123004030389;0.0254619798369798
14/09/12;4; 04:00:00;14918400;3959444;10577356;381600;201;0.272373837433273;0.0255791505791506
14/09/12;4; 05:00:00;14918400;4141060;10384254;393086;201;0.285092632076663;0.0263490722865723
14/09/12;4; 06:00:00;14918400;4847510;9620890;450000;201;0.335041193221089;0.0301640926640927
14/09/12;4; 07:00:00;14918400;5618391;8226955;1073054;201;0.405796359296474;0.0719282228657229
14/09/12;4; 08:00:00;14918400;6944390;6906575;1067435;201;0.501365067343683;0.0715515738953239
14/09/12;4; 09:00:00;14918400;8248737;6295263;374400;201;0.567157384488449;0.0250965250965251
14/09/12;4; 10:00:00;14918400;9488198;5064690;365512;201;0.651980417907428;0.0245007507507508
14/09/12;4; 11:00:00;14918400;10288894;4249213;380293;201;0.707718962310568;0.0254915406477906
14/09/12;4; 12:00:00;14918400;10745850;3794550;378000;201;0.739034001815631;0.0253378378378378
14/09/12;4; 13:00:00;14918400;10589222;3949814;379364;201;0.728330406500128;0.0254292685542686
14/09/12;4; 14:00:00;14918400;10176383;4357199;384818;201;0.700197858999935;0.0257948573573574
14/09/12;4; 15:00:00;14918400;9530999;4475123;912278;201;0.680488075143141;0.0611511958386958
14/09/12;4; 16:00:00;14918400;9124929;4164142;1629329;201;0.686649126940476;0.109216068747319
14/09/12;4; 17:00:00;14918400;9558538;3729655;1630207;201;0.719325644954133;0.109274922243672
14/09/12;4; 18:00:00;14918400;10639643;3150855;1127902;201;0.771519853742773;0.0756047565422565
14/09/12;4; 19:00:00;14918400;11514204;3034094;370102;201;0.791446807042308;0.0248084244959245
14/09/12;4; 20:00:00;14918400;11838648;2708952;370800;201;0.813787016415079;0.0248552123552124
14/09/12;4; 21:00:00;14918400;11667000;2877400;374000;201;0.802164406919502;0.0250697125697126
14/09/12;4; 22:00:00;14918400;10836623;3707386;374391;201;0.745091879412341;0.0250959218146718
14/09/12;4; 23:00:00;14918400;9780700;4768731;368969;201;0.672239347366918;0.024732478013728
15/09/12;5; 00:00:00;14918400;8528146;6021588;368666;201;0.586137588494745;0.0247121675246675
15/09/12;5; 01:00:00;14918400;6916299;7631301;370800;201;0.475425430998928;0.0248552123552124
15/09/12;5; 02:00:00;14918400;5173144;9371124;374132;201;0.355682664813382;0.0250785607035607
15/09/12;5; 03:00:00;14918400;4569318;9974650;374432;201;0.314172720952081;0.0250986700986701
15/09/12;5; 04:00:00;14918400;4269517;10270883;378000;201;0.293631330637396;0.0253378378378378
15/09/12;5; 05:00:00;14918400;4240371;10300203;377826;201;0.29162335682209;0.0253261743886744
15/09/12;5; 06:00:00;14918400;4487329;10058511;372560;201;0.308495693614119;0.0249731874731875
15/09/12;5; 07:00:00;14918400;4939630;9607590;371180;201;0.339558348605438;0.0248806842556843
15/09/12;5; 08:00:00;14918400;5786232;8762143;370025;201;0.39772359455953;0.0248032630845131
15/09/12;5; 09:00:00;14918400;6807051;7741299;370050;201;0.467891616575075;0.0248049388674389
15/09/12;5; 10:00:00;14918400;8097326;6451952;369122;201;0.556544867724708;0.0247427338052338
15/09/12;5; 11:00:00;14918400;9036644;5507099;374657;201;0.621342387582069;0.0251137521450021
15/09/12;5; 12:00:00;14918400;9526886;5017114;374400;201;0.655038916391639;0.0250965250965251
15/09/12;5; 13:00:00;14918400;9527616;5016970;373814;201;0.655062715432395;0.0250572447447447
15/09/12;5; 14:00:00;14918400;9424826;5119941;373633;201;0.64798741705522;0.0250451120763621
15/09/12;5; 15:00:00;14918400;9172813;5369867;375720;201;0.63075120954322;0.0251850064350064
15/09/12;5; 16:00:00;14918400;9330709;5213291;374400;201;0.641550398789879;0.0250965250965251
15/09/12;5; 17:00:00;14918400;10472744;4071256;374400;201;0.720073157315732;0.0250965250965251
15/09/12;5; 18:00:00;14918400;12076785;2464577;377038;201;0.830512643863759;0.0252733537108537
15/09/12;5; 19:00:00;14918400;12720555;1819845;378000;201;0.874842163901956;0.0253378378378378
15/09/12;5; 20:00:00;14918400;12796963;1746082;375355;201;0.879936973309235;0.02516054000429
15/09/12;5; 21:00:00;14918400;12331722;2210868;375810;201;0.847972885160071;0.0251910392535393
15/09/12;5; 22:00:00;14918400;11719103;2821297;378000;201;0.805968405270832;0.0253378378378378
15/09/12;5; 23:00:00;14918400;10124646;4415754;378000;201;0.696311380704795;0.0253378378378378
16/09/12;6; 00:00:00;14918400;9317793;5222607;378000;201;0.640820954031526;0.0253378378378378
16/09/12;6; 01:00:00;14918400;7900409;6636706;381285;201;0.543464710845309;0.0255580357142857
16/09/12;6; 02:00:00;14918400;5820122;8716678;381600;201;0.400371608607121;0.0255791505791506
16/09/12;6; 03:00:00;14918400;5105042;9434822;378536;201;0.351106585316066;0.0253737666237666
16/09/12;6; 04:00:00;14918400;4891214;9645869;381317;201;0.336464612604881;0.0255601807164307
16/09/12;6; 05:00:00;14918400;4965721;9568409;384270;201;0.341659321885796;0.0257581241956242
16/09/12;6; 06:00:00;14918400;5411230;9125570;381600;201;0.372243547410709;0.0255791505791506
16/09/12;6; 07:00:00;14918400;6936653;7600147;381600;201;0.477178815145011;0.0255791505791506
16/09/12;6; 08:00:00;14918400;8671183;5855794;391423;201;0.596902094634004;0.0262375992063492
16/09/12;6; 09:00:00;14918400;10184558;4337842;396000;201;0.701299922877761;0.0265444015444015
16/09/12;6; 10:00:00;14918400;11428143;3095039;395218;201;0.786889746337958;0.0264919830544831
16/09/12;6; 11:00:00;14918400;11918400;2591386;408614;201;0.821404257788502;0.0273899345774346
16/09/12;6; 12:00:00;14918400;12085921;2419375;413104;201;0.833207471257395;0.0276909051909052
16/09/12;6; 13:00:00;14918400;12144113;2367410;406877;201;0.836859990505476;0.0272735011797512
16/09/12;6; 14:00:00;14918400;12040714;2475675;402011;201;0.829456554243621;0.0269473267910768
16/09/12;6; 15:00:00;14918400;11792986;2712668;412746;201;0.812992368355126;0.027666907979408
16/09/12;6; 16:00:00;14918400;11626633;2888349;403418;201;0.801009122849756;0.0270416398541399
16/09/12;6; 17:00:00;14918400;11219641;3300522;398237;201;0.772693874028825;0.0266943506006006
16/09/12;6; 18:00:00;14918400;11279462;3238799;400139;201;0.776915499728239;0.0268218441655942
16/09/12;6; 19:00:00;14918400;11011035;3498058;409307;201;0.758905811686506;0.0274363872801373
16/09/12;6; 20:00:00;14918400;10262262;4255473;400665;201;0.706877622439038;0.0268571026383526
16/09/12;6; 21:00:00;14918400;8808147;5717681;392572;201;0.606378307659983;0.0263146181896182
16/09/12;6; 22:00:00;14918400;7118572;7384583;415245;201;0.49082920233563;0.0278344192406692
16/09/12;6; 23:00:00;14918400;5938856;8563978;415566;201;0.409496240527886;0.0278559362934363
17/09/12;0; 00:00:00;14918400;4957368;9548762;412270;201;0.34174297348776;0.0276350010725011
17/09/12;0; 01:00:00;14918400;4512910;9991335;414155;201;0.311144082301423;0.0277613551051051
17/09/12;0; 02:00:00;14918400;4214521;10280786;423093;201;0.290750723665253;0.028360481016731
17/09/12;0; 03:00:00;14918400;4152730;10340870;424800;201;0.286521637136391;0.0284749034749035
17/09/12;0; 04:00:00;14918400;4175987;10315061;427352;201;0.288177017976892;0.0286459673959674
17/09/12;0; 05:00:00;14918400;4431647;10050848;435905;201;0.306000243742532;0.0292192862505363
17/09/12;0; 06:00:00;14918400;5050352;9386897;481151;201;0.349814012350968;0.0322521852209352
17/09/12;0; 07:00:00;14918400;5678326;8148079;1091995;201;0.410687087496714;0.073197863041613
17/09/12;0; 08:00:00;14918400;6706196;7128575;1083629;201;0.484734875626058;0.072637079043329
17/09/12;0; 09:00:00;14918400;7696854;6835137;386409;201;0.529648965513397;0.0259015041827542
17/09/12;0; 10:00:00;14918400;8960879;5577357;380164;201;0.616366318444686;0.0254828936078936
17/09/12;0; 11:00:00;14918400;9841286;4694405;382709;201;0.677042873297183;0.0256534883097383
17/09/12;0; 12:00:00;14918400;10409892;4121136;387372;201;0.716390609115886;0.0259660553410553
17/09/12;0; 13:00:00;14918400;10409022;4122596;386782;201;0.716301653401569;0.0259265068640069
17/09/12;0; 14:00:00;14918400;9895408;4643667;379325;201;0.680607810331813;0.0254266543329043
17/09/12;0; 15:00:00;14918400;9477125;4525452;915823;201;0.676812918079294;0.0613888218575719
17/09/12;0; 16:00:00;14918400;9259569;4018075;1640756;201;0.697380423816153;0.109982035607036
17/09/12;0; 17:00:00;14918400;9625877;3658060;1634463;201;0.724625312510892;0.109560207528958
17/09/12;0; 18:00:00;14918400;10591518;3191475;1135407;201;0.768448333391739;0.0761078265765766
17/09/12;0; 19:00:00;14918400;10930124;3600559;387717;201;0.752209927090144;0.0259891811454311
17/09/12;0; 20:00:00;14918400;10486080;4051323;380997;201;0.721317280672483;0.0255387306949807
17/09/12;0; 21:00:00;14918400;9084910;5456606;376884;201;0.624756731003838;0.0252630308880309
17/09/12;0; 22:00:00;14918400;7182453;7354535;381412;201;0.494081236085494;0.0255665486915487
17/09/12;0; 23:00:00;14918400;5534661;8994939;388800;201;0.380923149983482;0.0260617760617761
18/09/12;1; 00:00:00;14918400;4765779;9763821;388800;201;0.328004831516353;0.0260617760617761
18/09/12;1; 01:00:00;14918400;4369527;10155211;393662;201;0.300833447047375;0.0263876823251823
18/09/12;1; 02:00:00;14918400;4040843;10477957;399600;201;0.27831797393724;0.0267857142857143
18/09/12;1; 03:00:00;14918400;3945434;10573366;399600;201;0.271746563076838;0.0267857142857143
18/09/12;1; 04:00:00;14918400;3943975;10573671;400754;201;0.271667665680786;0.0268630684255684
18/09/12;1; 05:00:00;14918400;4221675;10272324;424401;201;0.291270545830726;0.028448157979408
18/09/12;1; 06:00:00;14918400;5045346;9398207;474847;201;0.349314742709083;0.0318296197983698
18/09/12;1; 07:00:00;14918400;5645598;8185671;1087131;201;0.408176429798307;0.0728718227155727
18/09/12;1; 08:00:00;14918400;6761191;7082187;1075022;201;0.488406153469189;0.0720601404976405
18/09/12;1; 09:00:00;14918400;7989781;6536079;392540;201;0.550038414248795;0.0263124731874732
18/09/12;1; 10:00:00;14918400;9216902;5313584;387914;201;0.634314777909011;0.0260023863148863
18/09/12;1; 11:00:00;14918400;10202050;4328229;388121;201;0.702123476087417;0.0260162617975118
18/09/12;1; 12:00:00;14918400;10629673;3904740;383987;201;0.731345187452703;0.0257391543329043
18/09/12;1; 13:00:00;14918400;10685965;3839952;392483;201;0.7356482210383;0.0263086524024024
18/09/12;1; 14:00:00;14918400;10086546;4441609;390245;201;0.694275770047883;0.0261586363148863
18/09/12;1; 15:00:00;14918400;9449047;4554816;914537;201;0.674745746941398;0.0613026195838696
18/09/12;1; 16:00:00;14918400;9223417;4046076;1648907;201;0.695084356274953;0.110528407872158
18/09/12;1; 17:00:00;14918400;9809731;3461374;1647295;201;0.739179668912272;0.110420353389103
18/09/12;1; 18:00:00;14918400;10888376;2884736;1145288;201;0.790553071811222;0.076770163020163
18/09/12;1; 19:00:00;14918400;11653389;2871468;393543;201;0.802306625118581;0.0263797055984556
18/09/12;1; 20:00:00;14918400;11464551;3045864;407985;201;0.790091186227272;0.0273477718790219
18/09/12;1; 21:00:00;14918400;10181574;4335569;401257;201;0.701348330039871;0.0268967851780352
18/09/12;1; 22:00:00;14918400;8079719;6444707;393974;201;0.556284909296932;0.0264085960960961
18/09/12;1; 23:00:00;14918400;5961025;8554032;403343;201;0.410678717968521;0.0270366125053625
19/09/12;2; 00:00:00;14918400;5039960;9469086;409354;201;0.347366739343166;0.0274395377520378
19/09/12;2; 01:00:00;14918400;4430910;10077090;410400;201;0.305411497105046;0.0275096525096525
19/09/12;2; 02:00:00;14918400;4022736;10482346;413318;201;0.277332868576682;0.0277052498927499
19/09/12;2; 03:00:00;14918400;3957630;10544422;416348;201;0.272901379749569;0.0279083547833548
19/09/12;2; 04:00:00;14918400;3947143;10553657;417600;201;0.272201740593622;0.027992277992278
19/09/12;2; 05:00:00;14918400;4195228;10291571;431601;201;0.289589715436792;0.0289307834620335
19/09/12;2; 06:00:00;14918400;4978848;9456413;483139;201;0.344908761954495;0.0323854434791935
19/09/12;2; 07:00:00;14918400;5752738;8074189;1091473;201;0.416053256085029;0.0731628726941227
19/09/12;2; 08:00:00;14918400;6821563;7020478;1076359;201;0.492814824056655;0.0721497613685114
19/09/12;2; 09:00:00;14918400;8111770;6426918;379712;201;0.557943742929211;0.0254525954525955
19/09/12;2; 10:00:00;14918400;9423788;5121895;372717;201;0.647875249309366;0.0249837113899614
19/09/12;2; 11:00:00;14918400;10111835;4427131;379434;201;0.695498909619845;0.0254339607464607
19/09/12;2; 12:00:00;14918400;10804461;3739613;374326;201;0.742877202082443;0.0250915647790648
19/09/12;2; 13:00:00;14918400;10901958;3642000;374442;201;0.74958673560526;0.0250993404118404
19/09/12;2; 14:00:00;14918400;10384861;4165769;367770;201;0.713705248501268;0.0246521074646075
19/09/12;2; 15:00:00;14918400;9786827;4231342;900231;201;0.698153018414887;0.0603436695624196
19/09/12;2; 16:00:00;14918400;9664751;3631205;1622444;201;0.726894027025962;0.108754558129558
19/09/12;2; 17:00:00;14918400;10142772;3153076;1622552;201;0.762852583753966;0.108761797511798
19/09/12;2; 18:00:00;14918400;11322538;2476150;1119712;201;0.820551779995315;0.07505577005577
19/09/12;2; 19:00:00;14918400;11861727;2685796;370877;201;0.815377779433653;0.0248603737666238
19/09/12;2; 20:00:00;14918400;11615954;2928185;374261;201;0.798669072125892;0.0250872077434577
19/09/12;2; 21:00:00;14918400;10733062;3814152;371186;201;0.737808765307226;0.0248810864435864
19/09/12;2; 22:00:00;14918400;8510711;6038750;368939;201;0.584950260356724;0.0247304670742171
19/09/12;2; 23:00:00;14918400;6627997;7918045;372358;201;0.455656390927511;0.0249596471471471
20/09/12;3; 00:00:00;14918400;5482178;9068047;368175;201;0.37677616669158;0.0246792551480051
20/09/12;3; 01:00:00;14918400;4844257;9710543;363600;201;0.332828826229148;0.0243725868725869
20/09/12;3; 02:00:00;14918400;4242422;10307584;368394;201;0.291575274951777;0.024693935006435
20/09/12;3; 03:00:00;14918400;4129565;10418218;370617;201;0.283862152741761;0.0248429456241956
20/09/12;3; 04:00:00;14918400;4122265;10421735;374400;201;0.283434062156216;0.0250965250965251
20/09/12;3; 05:00:00;14918400;4386242;10148283;383875;201;0.301780897552552;0.0257316468253968
20/09/12;3; 06:00:00;14918400;5075948;9402128;440324;201;0.350595479675614;0.0295154976404976
20/09/12;3; 07:00:00;14918400;5769503;8082608;1066289;201;0.416507130212861;0.071474756006006
20/09/12;3; 08:00:00;14918400;7221105;6641024;1056271;201;0.520923229036463;0.0708032362719863
20/09/12;3; 09:00:00;14918400;8330816;6229541;358043;201;0.572157399712109;0.0240000938438438
20/09/12;3; 10:00:00;14918400;9444215;5103946;370239;201;0.649168991187271;0.0248176077863578
20/09/12;3; 11:00:00;14918400;10423638;4110728;384034;201;0.717171839487185;0.0257423048048048
20/09/12;3; 12:00:00;14918400;10933389;3604902;380109;201;0.752040869177815;0.0254792068854569
20/09/12;3; 13:00:00;14918400;10962718;3579831;375851;201;0.753837446241371;0.0251937875375375
20/09/12;3; 14:00:00;14922000;10554377;3990488;377135;201;0.725642829960952;0.0252737568690524
20/09/12;3; 15:00:00;14922000;9933178;4089708;899114;201;0.708354756645672;0.0602542554617344
20/09/12;3; 16:00:00;14922000;9355377;3955146;1611477;201;0.70285570296524;0.107993365500603
20/09/12;3; 17:00:00;14922000;9594098;3714189;1613713;201;0.720911564350844;0.108143211365769
20/09/12;3; 18:00:00;14922000;10865937;2946407;1109656;201;0.786683056836696;0.0743637582093553
20/09/12;3; 19:00:00;14922000;11580435;2988067;353498;201;0.794895384576946;0.0236897198766921
20/09/12;3; 20:00:00;14925600;11295118;3270546;359936;201;0.775461935686557;0.0241153454467492
20/09/12;3; 21:00:00;14925600;10086275;4467804;371521;201;0.693020492742962;0.0248915286487645
20/09/12;3; 22:00:00;14925600;8444566;6103788;377246;201;0.580448207405456;0.0252750978185132
20/09/12;3; 23:00:00;14925600;6921238;7629925;374437;201;0.47564844129641;0.0250868976791553
21/09/12;4; 00:00:00;14925600;5552699;8983306;389595;201;0.381996222483413;0.0261024682424827
21/09/12;4; 01:00:00;14925600;4730704;9803613;391283;201;0.325485125995257;0.0262155625234496
21/09/12;4; 02:00:00;14925600;4123931;10410362;391307;201;0.283737984365665;0.0262171704990084
21/09/12;4; 03:00:00;14925600;3993554;10540810;391236;201;0.274766339965065;0.0262124135713137
21/09/12;4; 04:00:00;14925600;3989304;10540042;396254;201;0.27456872456613;0.0265486144610602
21/09/12;4; 05:00:00;14925600;4272066;10237554;415980;201;0.294429902368222;0.0278702363724071
21/09/12;4; 06:00:00;14925600;5146307;9309377;469916;201;0.35600577599787;0.0314838934448196
21/09/12;4; 07:00:00;14925600;5863782;7968045;1093773;201;0.423934018260928;0.0732816771185078
21/09/12;4; 08:00:00;14925600;6990619;6845438;1089543;201;0.505246473037803;0.0729982714262743
21/09/12;4; 09:00:00;14925600;8215533;6321086;388981;201;0.565161197387095;0.0260613308677708
21/09/12;4; 10:00:00;14925600;9399833;5139720;386047;201;0.646500824337584;0.025864755855711
21/09/12;4; 11:00:00;14925600;10155952;4377792;391856;201;0.698784291232872;0.0262539529399153
21/09/12;4; 12:00:00;14925600;10750672;3784610;390318;201;0.739625966665112;0.0261509085061907
21/09/12;4; 13:00:00;14925600;10728030;3808763;388807;201;0.737991522614376;0.0260496730449697
21/09/12;4; 14:00:00;14925600;10212884;4320327;392389;201;0.702727291305411;0.0262896633971164
21/09/12;4; 15:00:00;14925600;9700029;4305261;920310;201;0.692597511368918;0.0616598327705419
21/09/12;4; 16:00:00;14925600;9610317;3673089;1642194;201;0.723482892866483;0.110025325615051
21/09/12;4; 17:00:00;14925600;10282885;2991733;1650982;201;0.774627563670759;0.110614112665487
21/09/12;4; 18:00:00;14925600;11214563;2562039;1148998;201;0.814029685984977;0.0769816958782227
21/09/12;4; 19:00:00;14925600;11874507;2667070;384023;201;0.816590043844626;0.0257291499169213
21/09/12;4; 20:00:00;14925600;12065698;2481231;378671;201;0.829432658948153;0.0253705713673152
21/09/12;4; 21:00:00;14925600;11751279;2778579;395742;201;0.808767642464228;0.0265143109824731
21/09/12;4; 22:00:00;14925600;10878416;3652700;394484;201;0.748629079831171;0.0264300262636008
21/09/12;4; 23:00:00;14925600;9321979;5214582;389039;201;0.641278153753147;0.0260652168087045
22/09/12;5; 00:00:00;14925600;7865447;6655284;404869;201;0.541670181756001;0.0271258106876775
22/09/12;5; 01:00:00;14925600;6556933;7951223;417444;201;0.451948062868913;0.0279683228814922
22/09/12;5; 02:00:00;14925600;4927413;9584867;413320;201;0.339534036002613;0.02769201908131
22/09/12;5; 03:00:00;14925600;4425003;10090197;410400;201;0.304853050595238;0.0274963820549928
22/09/12;5; 04:00:00;14925600;4182034;10313731;429835;201;0.288500399944398;0.0287985072626896
22/09/12;5; 05:00:00;14925600;4156937;10336663;432000;201;0.286811903184854;0.0289435600578871
22/09/12;5; 06:00:00;14925600;4373721;10119879;432000;201;0.30176912568306;0.0289435600578871
22/09/12;5; 07:00:00;14925600;4808374;9682491;434735;201;0.331821047259774;0.0291268022726055
22/09/12;5; 08:00:00;14925600;5508366;8974832;442402;201;0.380328018715204;0.0296404834646513
22/09/12;5; 09:00:00;14925600;6484605;8005065;435930;201;0.447532966589301;0.029206866055636
22/09/12;5; 10:00:00;14925600;7834300;6657171;434129;201;0.540614544927841;0.0290862008897465
22/09/12;5; 11:00:00;14925600;9107966;5368719;448915;201;0.62914721153358;0.030076847831913
22/09/12;5; 12:00:00;14929200;9875249;4613498;440453;201;0.681580608730348;0.0295027864855451
22/09/12;5; 13:00:00;14929200;10057971;4443997;427232;201;0.693559039711024;0.028617206548241
22/09/12;5; 14:00:00;14929200;9959367;4542722;427111;201;0.686753956619629;0.028609101626343
22/09/12;5; 15:00:00;14929200;9940573;4552357;436270;201;0.685891189704221;0.0292225973260456
22/09/12;5; 16:00:00;14929200;10230186;4271889;427125;201;0.705429119625985;0.0286100393859015
22/09/12;5; 17:00:00;14929200;10829216;3675184;424800;201;0.74661592344392;0.0284543043163733
22/09/12;5; 18:00:00;14929200;11748234;2755543;425423;201;0.810012040311982;0.0284960346167243
22/09/12;5; 19:00:00;14929200;12316294;2179003;433903;201;0.849675173954697;0.0290640489778421
22/09/12;5; 20:00:00;14929200;12434918;2060816;433466;201;0.857832932088848;0.0290347774830533
22/09/12;5; 21:00:00;14929200;11890786;2603926;434488;201;0.820353381288293;0.0291032339308201
22/09/12;5; 22:00:00;14929200;10805950;3689200;434050;201;0.745487283677644;0.0290738954532058
22/09/12;5; 23:00:00;14929200;10163276;4326148;439776;201;0.701427192688957;0.0294574391126115
23/09/12;6; 00:00:00;14929200;9205721;5291249;432230;201;0.635010005539088;0.0289519867106074
23/09/12;6; 01:00:00;14929200;7639394;6847610;442196;201;0.527327389431245;0.029619537550572
23/09/12;6; 02:00:00;14929200;5719141;8765694;444365;201;0.394836461720137;0.0297648232993061
23/09/12;6; 03:00:00;14929200;4993581;9486804;448815;201;0.344851397252214;0.0300628968732417
23/09/12;6; 04:00:00;14929200;4724032;9753847;451321;201;0.32629309859545;0.0302307558342041
23/09/12;6; 05:00:00;14929200;4797136;9678464;453600;201;0.331394622675399;0.0303834096937545
23/09/12;6; 06:00:00;14929200;5119179;9356928;453093;201;0.353629535896633;0.0303494494011735
23/09/12;6; 07:00:00;14929200;5721545;8763595;444060;201;0.394994111206381;0.029744393537497
23/09/12;6; 08:00:00;14929200;7149973;7334255;444972;201;0.493638528750031;0.0298054818744474
23/09/12;6; 09:00:00;14929200;9111874;5378275;439051;201;0.628832319115559;0.029408876564049
23/09/12;6; 10:00:00;14929200;10893289;3601398;434513;201;0.751536683751778;0.0291049085014602
23/09/12;6; 11:00:00;14929200;12026819;2466045;436336;201;0.829844190906642;0.0292270181925354
23/09/12;6; 12:00:00;14929200;12534506;1956727;437967;201;0.864971669422471;0.0293362671810948
23/09/12;6; 13:00:00;14929200;12822644;1666924;439632;201;0.88495695661872;0.0294477935857246
23/09/12;6; 14:00:00;14929200;12858865;1618442;451893;201;0.888208352561702;0.0302690700104493
23/09/12;6; 15:00:00;14929200;12777909;1698291;453000;201;0.882683922576367;0.0303432199983924
23/09/12;6; 16:00:00;14929200;12039507;2442476;447217;201;0.831343815277231;0.0299558583179273
23/09/12;6; 17:00:00;14929200;10827020;3656593;445587;201;0.747535853105161;0.0298466763121936
23/09/12;6; 18:00:00;14929200;10447328;4044932;436940;201;0.720890185519719;0.0292674758192
23/09/12;6; 19:00:00;14929200;10101620;4395355;432225;201;0.696808817011825;0.0289516517964794
23/09/12;6; 20:00:00;14929200;9349125;5155144;424931;201;0.644577468881748;0.0284630790665273
23/09/12;6; 21:00:00;14929200;7897275;6599270;432655;201;0.544769460585264;0.0289804544114889
23/09/12;6; 22:00:00;14929200;6507689;7982311;439200;201;0.449115873015873;0.0294188570050639
23/09/12;6; 23:00:00;14929200;5407025;9082975;439200;201;0.373155624568668;0.0294188570050639
24/09/12;0; 00:00:00;14929200;4693030;9796970;439200;201;0.32388060731539;0.0294188570050639
24/09/12;0; 01:00:00;14929200;4370355;10117827;441018;201;0.301649647968254;0.0295406317820111
24/09/12;0; 02:00:00;14929200;4130936;10355464;442800;201;0.285159597967749;0.0296599951772366
24/09/12;0; 03:00:00;14929200;4152199;10334647;442354;201;0.286618564178842;0.0296301208370174
24/09/12;0; 04:00:00;14929200;4165435;10324257;439508;201;0.287475744826046;0.0294394877153498
24/09/12;0; 05:00:00;14929200;4418483;10054834;455883;201;0.305284752624433;0.0305363314846073
24/09/12;0; 06:00:00;14929200;5117656;9305622;505922;201;0.354819202680556;0.0338880850949816
24/09/12;0; 07:00:00;14929200;5579278;8227383;1122539;201;0.40410045556996;0.0751908340701444
24/09/12;0; 08:00:00;14929200;6630984;7178534;1119682;201;0.480174905452891;0.0749994641373952
24/09/12;0; 09:00:00;14929200;7842388;6659519;427293;201;0.540783222509977;0.0286212925006028
24/09/12;0; 10:00:00;14929200;8819645;5688355;421200;201;0.607915977391784;0.0282131661442006
24/09/12;0; 11:00:00;14929200;9630278;4870522;428400;201;0.66412046231932;0.0286954424885459
24/09/12;0; 12:00:00;14929200;10079444;4423340;426416;201;0.695000628844779;0.0285625485625486
24/09/12;0; 13:00:00;14929200;10203979;4300421;424800;201;0.703509210998042;0.0284543043163733
24/09/12;0; 14:00:00;14929200;9780741;4725911;422548;201;0.674224555741738;0.0283034589931142
24/09/12;0; 15:00:00;14929200;9242163;4737627;949410;201;0.66110885785838;0.0635941644562334
24/09/12;0; 16:00:00;14929200;8735691;4519799;1673710;201;0.659024374051808;0.11210982504086
24/09/12;0; 17:00:00;14929200;8830637;4424905;1673658;201;0.66618452870505;0.112106341933928
24/09/12;0; 18:00:00;14929200;10009827;3749373;1170000;201;0.727500654107797;0.0783699059561129
24/09/12;0; 19:00:00;14929200;10405528;4107547;416125;201;0.716976106028529;0.0278732283042628
24/09/12;0; 20:00:00;14929200;9817726;4700089;411385;201;0.676253692446143;0.0275557297109021
24/09/12;0; 21:00:00;14929200;8272441;6249457;407302;201;0.569652878707728;0.027282238833963
24/09/12;0; 22:00:00;14929200;6741265;7773216;414719;201;0.464450985191961;0.0277790504514642
24/09/12;0; 23:00:00;14929200;5604142;8903858;421200;201;0.386279432037497;0.0282131661442006
25/09/12;1; 00:00:00;14929200;4781918;9728085;419197;201;0.329560097265314;0.0280789995445168
25/09/12;1; 01:00:00;14929200;4437462;10074138;417600;201;0.305787232283139;0.027972027972028
25/09/12;1; 02:00:00;14929200;4171776;10337195;420229;201;0.287530797325324;0.0281481258205396
25/09/12;1; 03:00:00;14929200;4097600;10411877;419723;201;0.28240852513154;0.0281142325107842
25/09/12;1; 04:00:00;14929200;4140229;10371937;417034;201;0.28529366326157;0.0279341156927364
25/09/12;1; 05:00:00;14929200;4390352;10127646;411202;201;0.302407535804868;0.0275434718538167
25/09/12;1; 06:00:00;14929200;5131662;9331838;465700;201;0.35480084350261;0.0311939018835571
25/09/12;1; 07:00:00;14929200;5816239;8024616;1088345;201;0.420222522380301;0.0729004233314578
25/09/12;1; 08:00:00;14929200;6923252;6916913;1089035;201;0.500229007385389;0.0729466414811242
25/09/12;1; 09:00:00;14929200;8125711;6402439;401050;201;0.55930803302554;0.0268634622082898
25/09/12;1; 10:00:00;14929200;9312273;5224377;392550;201;0.640606535893758;0.0262941081906599
25/09/12;1; 11:00:00;14929200;10050513;4478682;400005;201;0.691746032729274;0.0267934651555341
25/09/12;1; 12:00:00;14932800;10616908;3913559;402333;201;0.730665297956356;0.0269429042108647
25/09/12;1; 13:00:00;14932800;10491196;4043548;398056;201;0.7218012233308;0.0266564877317047
25/09/12;1; 14:00:00;14932800;10185649;4349961;397190;201;0.700737636741767;0.0265984945890925
25/09/12;1; 15:00:00;14932800;9443688;4559067;930045;201;0.674416427338763;0.0622820234651238
25/09/12;1; 16:00:00;14932800;9334031;3947252;1651517;201;0.702795881994232;0.11059660612879
25/09/12;1; 17:00:00;14932800;10042416;3241833;1648551;201;0.755964149723481;0.110397982963677
25/09/12;1; 18:00:00;14932800;11078678;2704955;1149167;201;0.803756019911441;0.0769558957462766
25/09/12;1; 19:00:00;14932800;11674139;2854172;404489;201;0.803544128426216;0.0270872843672988
25/09/12;1; 20:00:00;14932800;11556141;2965826;410833;201;0.795769677757841;0.027512120968606
25/09/12;1; 21:00:00;14936400;10211443;4320260;404697;201;0.702701053001152;0.0270946814493452
25/09/12;1; 22:00:00;14936400;7551130;6970391;414879;201;0.519995804847164;0.027776371816502
25/09/12;1; 23:00:00;14936400;5795973;8707716;432711;201;0.399620606867673;0.028970233791275
26/09/12;2; 00:00:00;14936400;4803362;9702960;430078;201;0.331121975646204;0.0287939530275033
26/09/12;2; 01:00:00;14936400;4360964;10147036;428400;201;0.30059029500965;0.0286816100265124
26/09/12;2; 02:00:00;14936400;4071282;10432441;432677;201;0.280705995281349;0.0289679574730189
26/09/12;2; 03:00:00;14936400;4014978;10489422;432000;201;0.276811036650947;0.0289226319595083
26/09/12;2; 04:00:00;14936400;4020862;10483538;432000;201;0.277216706654532;0.0289226319595083
26/09/12;2; 05:00:00;14936400;4311644;10177793;446963;201;0.297571534352922;0.029924412843791
26/09/12;2; 06:00:00;14936400;5064230;9364363;507807;201;0.350985712882746;0.0339979513135695
26/09/12;2; 07:00:00;14936400;5585516;8220484;1130400;201;0.404571635520788;0.0756808869607134
26/09/12;2; 08:00:00;14936400;6811282;7001190;1123928;201;0.493125488326782;0.0752475830856163
26/09/12;2; 09:00:00;14936400;8227032;6277636;431732;201;0.567198918306851;0.0289046892156075
26/09/12;2; 10:00:00;14936400;9459464;5044469;432467;201;0.652199923979241;0.0289538978602608
26/09/12;2; 11:00:00;14936400;10259920;4237280;439200;201;0.707717352316309;0.0294046758255001
26/09/12;2; 12:00:00;14936400;10666785;3836059;433556;201;0.735496086146965;0.0290268069949921
26/09/12;2; 13:00:00;14936400;10534297;3961713;440390;201;0.726703210055733;0.0294843469644627
26/09/12;2; 14:00:00;14936400;10097641;4397108;441651;201;0.696641314727147;0.0295687715915482
26/09/12;2; 15:00:00;14936400;9590354;4381074;964972;201;0.686426183493913;0.0646053935352562
26/09/12;2; 16:00:00;14936400;9516661;3735042;1684697;201;0.718146263917928;0.112791368736777
26/09/12;2; 17:00:00;14936400;10194404;3058515;1683481;201;0.769219520620325;0.112709956883854
26/09/12;2; 18:00:00;14936400;11254151;2507500;1174749;201;0.81779075780951;0.0786500763236121
26/09/12;2; 19:00:00;14936400;11527850;2990950;417600;201;0.793994682756151;0.0279585442275247
26/09/12;2; 20:00:00;14936400;10926435;3578873;431092;201;0.753271492063457;0.0288618408719638
26/09/12;2; 21:00:00;14936400;9819136;4675116;442148;201;0.677450343763859;0.029602046008409
26/09/12;2; 22:00:00;14936400;8053836;6450319;432245;201;0.555277849692037;0.0289390348410594
26/09/12;2; 23:00:00;14936400;6536479;7968951;430970;201;0.450622904663978;0.0288536729064567
27/09/12;3; 00:00:00;14936400;5454874;9044787;436739;201;0.376207002356814;0.0292399105540826
27/09/12;3; 01:00:00;14936400;4770027;9717914;448459;201;0.329241194452683;0.0300245708470582
27/09/12;3; 02:00:00;14936400;4224178;10265404;446818;201;0.291532081463772;0.0299147050159342
27/09/12;3; 03:00:00;14936400;4144258;10342142;450000;201;0.286079219129666;0.0301277416244878
27/09/12;3; 04:00:00;14936400;4216811;10269819;449770;201;0.291082950278981;0.0301123430009909
27/09/12;3; 05:00:00;14936400;4457461;10020270;458669;201;0.307883949494572;0.0307081358292494
27/09/12;3; 06:00:00;14936400;5090701;9336386;509313;201;0.352857163750382;0.0340987788222062
27/09/12;3; 07:00:00;14940000;5791401;8018199;1130400;201;0.419375;0.0756626506024096
27/09/12;3; 08:00:00;14940000;6971678;6839920;1128402;201;0.504769831847119;0.0755289156626506
27/09/12;3; 09:00:00;14940000;8361446;6141831;436723;201;0.576521154494946;0.0292317938420348
27/09/12;3; 10:00:00;14940000;9741155;4763984;434861;201;0.671565780927711;0.0291071619812584
27/09/12;3; 11:00:00;14940000;10408512;4093940;437548;201;0.717707047056594;0.0292870147255689
27/09/12;3; 12:00:00;14940000;10870290;3633436;436274;201;0.749482581234643;0.0292017402945114
27/09/12;3; 13:00:00;14940000;11103395;3397249;439356;201;0.765717370897458;0.0294080321285141
27/09/12;3; 14:00:00;14940000;10746577;3750338;443085;201;0.74130095954898;0.0296576305220884
27/09/12;3; 15:00:00;14940000;9836354;4131646;972000;201;0.704206328751432;0.0650602409638554
27/09/12;3; 16:00:00;14940000;9480841;3763350;1695809;201;0.715849008822056;0.11350796519411
27/09/12;3; 17:00:00;14940000;9589724;3655782;1694494;201;0.723998313088228;0.113419946452477
27/09/12;3; 18:00:00;14940000;10728291;3024398;1187311;201;0.78008678884544;0.0794719544846051
27/09/12;3; 19:00:00;14940000;11331514;3183088;425398;201;0.780697534799783;0.0284737617135207
27/09/12;3; 20:00:00;14940000;10975264;3532112;432624;201;0.756529919676722;0.0289574297188755
27/09/12;3; 21:00:00;14940000;9839491;4668509;432000;201;0.678211400606562;0.0289156626506024
27/09/12;3; 22:00:00;14940000;8023966;6482272;433762;201;0.553139001304129;0.0290336010709505
27/09/12;3; 23:00:00;14940000;6664483;7838546;436971;201;0.459523524361704;0.0292483935742972
28/09/12;4; 00:00:00;14940000;5478681;9015460;445859;201;0.377992804126854;0.0298433065595716
28/09/12;4; 01:00:00;14940000;4695189;9804257;440554;201;0.323818510031349;0.029488219544846
28/09/12;4; 02:00:00;14940000;4081510;10419290;439200;201;0.281467919011365;0.0293975903614458
28/09/12;4; 03:00:00;14940000;3974481;10517938;447581;201;0.274245521054836;0.0299585676037483
28/09/12;4; 04:00:00;14940000;4007347;10486215;446438;201;0.27649152085595;0.0298820615796519
28/09/12;4; 05:00:00;14940000;4240280;10242520;457200;201;0.292780401579805;0.0306024096385542
28/09/12;4; 06:00:00;14940000;5027559;9397604;514837;201;0.348527014911374;0.0344603078982597
28/09/12;4; 07:00:00;14940000;5802870;7997348;1139782;201;0.420491183545072;0.0762906291834003
28/09/12;4; 08:00:00;14940000;6875902;6930587;1133511;201;0.498019590643211;0.0758708835341365
28/09/12;4; 09:00:00;14943600;8099428;6409492;434680;201;0.558237828866656;0.029088037688375
28/09/12;4; 10:00:00;14943600;9458399;5051517;433684;201;0.651857598624279;0.0290213870820953
28/09/12;4; 11:00:00;14943600;10166356;4336037;441207;201;0.70101230879621;0.0295248132980005
28/09/12;4; 12:00:00;14943600;10581069;3924413;438118;201;0.729453112967911;0.0293181027329425
28/09/12;4; 13:00:00;14943600;10641604;3868288;433708;201;0.733403391286441;0.0290229931208009
28/09/12;4; 14:00:00;14943600;10078433;4427107;438060;201;0.694798883736834;0.0293142214727375
28/09/12;4; 15:00:00;14947200;9569771;4416229;961200;201;0.684239310739311;0.0643063583815029
28/09/12;4; 16:00:00;14947200;9168589;4093811;1684800;201;0.691322008083002;0.11271676300578
28/09/12;4; 17:00:00;14947200;9513207;3745756;1688237;201;0.717492536935204;0.112946705737529
28/09/12;4; 18:00:00;14947200;10398224;3360292;1188684;201;0.755766392247536;0.0795255298651252
28/09/12;4; 19:00:00;14947200;10898801;3620435;427964;201;0.75064562625747;0.0286317169770927
28/09/12;4; 20:00:00;14947200;11235421;3286979;424800;201;0.773661447143723;0.0284200385356455
28/09/12;4; 21:00:00;14947200;10955217;3551120;440863;201;0.755202157512265;0.0294946879683151
28/09/12;4; 22:00:00;14947200;10078481;4427188;441531;201;0.694796013889466;0.0295393786127168
28/09/12;4; 23:00:00;14947200;8854148;5657120;435932;201;0.610156741643804;0.0291647934061229
29/09/12;5; 00:00:00;14947200;7698005;6807180;442015;201;0.530707123004636;0.0295717592592593
29/09/12;5; 01:00:00;14947200;6320807;8174494;451899;201;0.436059037339066;0.0302330202312139
29/09/12;5; 02:00:00;14947200;4680638;9820162;446400;201;0.322784811872448;0.0298651252408478
29/09/12;5; 03:00:00;14947200;4030661;10468112;448427;201;0.278000145253671;0.0300007359237851
29/09/12;5; 04:00:00;14947200;3885433;10606379;455388;201;0.268112296792147;0.0304664418754014
29/09/12;5; 05:00:00;14947200;3905583;10584417;457200;201;0.269536438923395;0.0305876685934489
29/09/12;5; 06:00:00;14947200;4147495;10342505;457200;201;0.286231538992409;0.0305876685934489
29/09/12;5; 07:00:00;14947200;4636725;9850044;460431;201;0.320066192813594;0.0308038294797688
29/09/12;5; 08:00:00;14947200;5507767;8979037;460396;201;0.380192000940994;0.0308014879040891
29/09/12;5; 09:00:00;14947200;6666500;7825218;455482;201;0.460021372207215;0.0304727306786555
29/09/12;5; 10:00:00;14947200;7955954;6534046;457200;201;0.549065148378192;0.0305876685934489
29/09/12;5; 11:00:00;14947200;9069405;5411625;466170;201;0.626295574278901;0.0311877809890816
29/09/12;5; 12:00:00;14947200;9553422;4929378;464400;201;0.659639158173834;0.0310693641618497
29/09/12;5; 13:00:00;14947200;9742178;4739253;465769;201;0.672735864294074;0.0311609532220081
29/09/12;5; 14:00:00;14947200;9561955;4918754;466491;201;0.660323676140443;0.0312092565831728
29/09/12;5; 15:00:00;14947200;9244015;5234343;468842;201;0.638471227193028;0.0313665435666881
29/09/12;5; 16:00:00;14947200;9373036;5110215;463949;201;0.647163817018707;0.0310391912866624
29/09/12;5; 17:00:00;14947200;9815737;4674542;456921;201;0.677401518631905;0.0305690028901734
29/09/12;5; 18:00:00;14947200;11096269;3393112;457819;201;0.765820775918585;0.030629081031899
29/09/12;5; 19:00:00;14947200;11918643;2565832;462725;201;0.822856403148889;0.0309573030400343
29/09/12;5; 20:00:00;14947200;12239915;2247876;459409;201;0.844843427131162;0.0307354554699208
29/09/12;5; 21:00:00;14947200;12110651;2376726;459823;201;0.835945043743943;0.0307631529651038
29/09/12;5; 22:00:00;14947200;11378581;3106563;462056;201;0.785534544910289;0.0309125454934703
29/09/12;5; 23:00:00;14947200;10091184;4399605;456411;201;0.696386097402978;0.0305348827874117
30/09/12;6; 00:00:00;14947200;8787030;5689529;470641;201;0.606983330776326;0.031486900556626
30/09/12;6; 01:00:00;14947200;7384575;7089501;473124;201;0.510193189534171;0.031653018625562
30/09/12;6; 02:00:00;14947200;5479500;8998765;468935;201;0.378463855993795;0.0313727654677799
30/09/12;6; 03:00:00;14947200;4795406;9682186;469608;201;0.331229530435724;0.0314177906229929
30/09/12;6; 04:00:00;14947200;4617157;9852561;477482;201;0.319091014766148;0.031944578248769
30/09/12;6; 05:00:00;14947200;4683155;9785245;478800;201;0.323681609576733;0.0320327552986513
30/09/12;6; 06:00:00;14947200;5029026;9439374;478800;201;0.347586878991457;0.0320327552986513
30/09/12;6; 07:00:00;14947200;5679895;8788505;478800;201;0.392572433717619;0.0320327552986513
30/09/12;6; 08:00:00;14947200;7047605;7417962;481633;201;0.487198669779069;0.0322222891243845
30/09/12;6; 09:00:00;14947200;8708638;5758318;480244;201;0.601967545902538;0.0321293620209805
30/09/12;6; 10:00:00;14947200;10054578;4407301;485321;201;0.695247000752807;0.0324690242988653
30/09/12;6; 11:00:00;14947200;10988602;3458198;500400;201;0.760625328792535;0.0334778420038536
30/09/12;6; 12:00:00;14947200;11563971;2882829;500400;201;0.800452072431265;0.0334778420038536
30/09/12;6; 13:00:00;14947200;12056612;2393328;497260;201;0.83437107697333;0.033267769214301
30/09/12;6; 14:00:00;14947200;12275881;2171382;499937;201;0.849702881438512;0.0334468663027189
30/09/12;6; 15:00:00;14947200;12150193;2309366;487641;201;0.840287936858932;0.03262423731535
30/09/12;6; 16:00:00;14947200;11772535;2692265;482400;201;0.813874716553288;0.0322736030828516
30/09/12;6; 17:00:00;14947200;11105925;3351639;489636;201;0.768174016037557;0.0327577071290944
30/09/12;6; 18:00:00;14947200;11038736;3419061;489403;201;0.763514386043738;0.0327421189252837
30/09/12;6; 19:00:00;14947200;11071904;3387080;488216;201;0.765745642985704;0.0326627060586598
30/09/12;6; 20:00:00;14947200;10574173;3884986;488041;201;0.731313142071403;0.0326509981802612
30/09/12;6; 21:00:00;14947200;9017496;5423326;506378;201;0.624444785760811;0.0338777831299508
30/09/12;6; 22:00:00;14947200;6986751;7454124;506325;201;0.483817704952089;0.03387423731535
30/09/12;6; 23:00:00;14947200;5670906;8765094;511200;201;0.392830839567747;0.0342003853564547
01/10/12;0; 00:00:00;14947200;4831093;9596975;519132;201;0.334839910651932;0.0347310533076429
01/10/12;0; 01:00:00;14947200;4447878;9971988;527334;201;0.308454877458639;0.0352797848426461
01/10/12;0; 02:00:00;14947200;4203447;10221753;522000;201;0.291396098494302;0.0349229287090559
01/10/12;0; 03:00:00;14947200;4128988;10296212;522000;201;0.286234367634418;0.0349229287090559
01/10/12;0; 04:00:00;14947200;4115035;10310882;521283;201;0.285252923609639;0.0348749598587026
01/10/12;0; 05:00:00;14947200;4353933;10072542;520725;201;0.301801583546916;0.0348376284521516
01/10/12;0; 06:00:00;14947200;4996177;9379434;571589;201;0.347545366941273;0.0382405400342539
01/10/12;0; 07:00:00;14947200;5501976;8250676;1194548;201;0.400066547164867;0.0799178441447228
01/10/12;0; 08:00:00;14947200;6621442;7132048;1193710;201;0.48143722066181;0.0798617801327339
01/10/12;0; 09:00:00;14947200;7796676;6657765;492759;201;0.53939657714885;0.0329666425818882
01/10/12;0; 10:00:00;14950800;9137526;5333757;479517;201;0.631424732693017;0.0320729994381572
01/10/12;0; 11:00:00;14950800;9794738;4653894;502168;201;0.677900717521216;0.0335880354228536
01/10/12;0; 12:00:00;14950800;10083287;4377836;489677;201;0.697268600785707;0.0327525617358268
01/10/12;0; 13:00:00;14950800;10082810;4385868;482122;201;0.696871545555164;0.0322472376060144
01/10/12;0; 14:00:00;14950800;9708148;4763489;479163;201;0.670839656909581;0.0320493217754234
01/10/12;0; 15:00:00;14950800;9276174;4670443;1004183;201;0.665120007239032;0.0671658372796105
01/10/12;0; 16:00:00;14950800;8911304;4318057;1721439;201;0.67360048607034;0.115140260052974
01/10/12;0; 17:00:00;14950800;8976990;4253633;1720177;201;0.678500929245735;0.115055849854188
01/10/12;0; 18:00:00;14950800;9942615;3781907;1226278;201;0.724441623540696;0.0820208952029323
01/10/12;0; 19:00:00;14950800;10506929;3977406;466465;201;0.725399474673846;0.0312000026754421
01/10/12;0; 20:00:00;14950800;10066203;4416597;468000;201;0.695045364156102;0.0313026727666747
01/10/12;0; 21:00:00;14950800;8838780;5637373;474647;201;0.610575199087769;0.0317472643604356
01/10/12;0; 22:00:00;14950800;7195056;7279506;476238;201;0.497082813283055;0.0318536800706317
01/10/12;0; 23:00:00;14950800;5720160;8760407;470233;201;0.395023205928331;0.0314520293228456
02/10/12;1; 00:00:00;14950800;4723490;9758679;468631;201;0.326159016650061;0.0313448778660674
02/10/12;1; 01:00:00;14950800;4258711;10213259;478830;201;0.294273067177447;0.032027048719801
02/10/12;1; 02:00:00;14950800;3878769;10589631;482400;201;0.268085551961516;0.0322658319287262
02/10/12;1; 03:00:00;14950800;3809265;10659092;482443;201;0.263282486048692;0.0322687080290018
02/10/12;1; 04:00:00;14950800;3820895;10643879;486026;201;0.264151724734863;0.032508360756615
02/10/12;1; 05:00:00;14950800;4011223;10438755;500822;201;0.277593709831254;0.033498006795623
02/10/12;1; 06:00:00;14950800;4838600;9552086;560114;201;0.336231365203855;0.0374638146453701
02/10/12;1; 07:00:00;14950800;5681641;8115976;1153183;201;0.411784223319143;0.077131859164727
02/10/12;1; 08:00:00;14950800;6885764;6916143;1148893;201;0.498899463675563;0.0768449179976991
02/10/12;1; 09:00:00;14950800;8109737;6397619;443444;201;0.559008616042786;0.0296602188511652
02/10/12;1; 10:00:00;14950800;9384406;5129743;436651;201;0.646569495738262;0.0292058618936779
02/10/12;1; 11:00:00;14954400;10173721;4335800;444879;201;0.701175524677899;0.029749037072701
02/10/12;1; 12:00:00;14954400;10640405;3862872;451123;201;0.73365522840114;0.0301665730487348
02/10/12;1; 13:00:00;14954400;10457577;4052395;444428;201;0.720716552726635;0.0297188787246563
02/10/12;1; 14:00:00;14954400;10017348;4503303;433749;201;0.689869069919799;0.0290047745145242
02/10/12;1; 15:00:00;14954400;9463771;4525070;965559;201;0.676522879915498;0.0645668833253089
02/10/12;1; 16:00:00;14954400;9131927;4144365;1678108;201;0.687837161159155;0.11221500026748
02/10/12;1; 17:00:00;14954400;9247173;4034811;1672416;201;0.69621925459329;0.111834376504574
02/10/12;1; 18:00:00;14954400;10518550;3260412;1175438;201;0.763377531631192;0.0786014818381212
02/10/12;1; 19:00:00;14954400;11060818;3470818;422764;201;0.761154353164365;0.0282702080992885
02/10/12;1; 20:00:00;14954400;10624295;3910764;419341;201;0.730942681416016;0.0280413122559247
02/10/12;1; 21:00:00;14954400;9119782;5417678;416940;201;0.627329808646077;0.0278807575028085
02/10/12;1; 22:00:00;14954400;7213125;7308204;433071;201;0.496726229396772;0.0289594366875301
02/10/12;1; 23:00:00;14954400;5774839;8747580;431981;201;0.397649936969867;0.0288865484405927
03/10/12;2; 00:00:00;14954400;4831567;9694433;428400;201;0.332615103951535;0.0286470871449206
03/10/12;2; 01:00:00;14954400;4185693;10337811;430896;201;0.288201318359536;0.028813994543412
03/10/12;2; 02:00:00;14954400;3799356;10715844;439200;201;0.261750165343915;0.0293692826191623
03/10/12;2; 03:00:00;14954400;3717424;10799986;436990;201;0.256066612432934;0.029221500026748
03/10/12;2; 04:00:00;14954400;3731892;10786908;435600;201;0.257038598231259;0.029128550794415
03/10/12;2; 05:00:00;14954400;3955299;10547522;451579;201;0.272726182030379;0.0301970657465361
03/10/12;2; 06:00:00;14954400;4702615;9752940;498845;201;0.325315423724651;0.0333577408655647
03/10/12;2; 07:00:00;14954400;5619113;8223928;1111359;201;0.405916084478837;0.0743165222275718
03/10/12;2; 08:00:00;14954400;6916752;6930027;1107621;201;0.499520646642804;0.0740665623495426
03/10/12;2; 09:00:00;14954400;8044377;6493431;416592;201;0.553341810539801;0.0278574867597496
03/10/12;2; 10:00:00;14954400;9289273;5258073;407054;201;0.638554482721453;0.0272196811640721
03/10/12;2; 11:00:00;14954400;10208059;4329620;416721;201;0.702179419424517;0.0278661129834697
03/10/12;2; 12:00:00;14958000;10690482;3839869;427649;201;0.735734601318303;0.0285899852921514
03/10/12;2; 13:00:00;14958000;10490889;4045839;421272;201;0.721681591620893;0.0281636582430806
03/10/12;2; 14:00:00;14958000;10085634;4454385;417981;201;0.693646548880026;0.0279436421981548
03/10/12;2; 15:00:00;14958000;9489913;4521796;946291;201;0.677284476861459;0.0632632036368498
03/10/12;2; 16:00:00;14958000;9048124;4239961;1669915;201;0.68092008743171;0.111640259392967
03/10/12;2; 17:00:00;14958000;9257605;4033595;1666800;201;0.696521382568918;0.111432009626955
03/10/12;2; 18:00:00;14958000;10518788;3272812;1166400;201;0.762695263783752;0.0779783393501805
03/10/12;2; 19:00:00;14958000;11319487;3225002;413511;201;0.778266393546037;0.0276448054552748
03/10/12;2; 20:00:00;14958000;11066991;3480609;410400;201;0.760743421595315;0.0274368231046931
03/10/12;2; 21:00:00;14958000;9695071;4852529;410400;201;0.666437831669829;0.0274368231046931
03/10/12;2; 22:00:00;14958000;7942246;6601107;414647;201;0.546108314911974;0.0277207514373579
03/10/12;2; 23:00:00;14958000;6327809;8205391;424800;201;0.435403696364187;0.0283995186522262
04/10/12;3; 00:00:00;14958000;5353297;9179903;424800;201;0.368349503206451;0.0283995186522262
04/10/12;3; 01:00:00;14958000;4643703;9890397;423900;201;0.319503994055359;0.0283393501805054
04/10/12;3; 02:00:00;14958000;4115346;10418328;424326;201;0.283159371814725;0.0283678299237866
04/10/12;3; 03:00:00;14958000;3994962;10538238;424800;201;0.274885228304847;0.0283995186522262
04/10/12;3; 04:00:00;14958000;4029719;10505238;423043;201;0.277243269450333;0.0282820564246557
04/10/12;3; 05:00:00;14958000;4277198;10246187;434615;201;0.294504208213168;0.0290556892632705
04/10/12;3; 06:00:00;14958000;4984387;9484013;489600;201;0.344501603494512;0.0327316486161252
04/10/12;3; 07:00:00;14958000;5622631;8224014;1111355;201;0.40606450154532;0.0742983687658778
04/10/12;3; 08:00:00;14958000;6802591;7048472;1106937;201;0.491124110835392;0.074003008423586
04/10/12;3; 09:00:00;14958000;8045868;6484590;427542;201;0.553724321697224;0.0285828319294023
04/10/12;3; 10:00:00;14958000;9388990;5151410;417600;201;0.645717449313637;0.0279181708784597
04/10/12;3; 11:00:00;14958000;10293651;4242898;421451;201;0.708122058406022;0.0281756250835673
04/10/12;3; 12:00:00;14958000;10949345;3582439;426216;201;0.753475622814102;0.0284941837144003
04/10/12;3; 13:00:00;14958000;10807155;3726877;423968;201;0.743575836354289;0.0283438962428132
04/10/12;3; 14:00:00;14958000;10469304;4071437;417259;201;0.719997969842115;0.0278953737130632
04/10/12;3; 15:00:00;14958000;9748757;4265541;943702;201;0.695629349397308;0.0630901189998663
04/10/12;3; 16:00:00;14958000;9295936;3987365;1674699;201;0.699821226666474;0.111960088247092
04/10/12;3; 17:00:00;14961600;9481619;3809941;1670040;201;0.713356370508804;0.111621751684312
04/10/12;3; 18:00:00;14961600;10677243;3116653;1167704;201;0.774055640262911;0.0780467329697359
04/10/12;3; 19:00:00;14968800;11391947;3165499;411354;201;0.782551211249556;0.02748075998076
04/10/12;3; 20:00:00;14968800;11099548;3445658;423594;201;0.763106964590257;0.0282984607984608
04/10/12;3; 21:00:00;14976000;9942886;4616479;416635;201;0.682920305933672;0.0278201789529915
04/10/12;3; 22:00:00;14990400;8378347;6202318;409735;201;0.574620361965658;0.0273331598889956
04/10/12;3; 23:00:00;14990400;6902827;7663807;423766;201;0.473879346457116;0.0282691589283808
05/10/12;4; 00:00:00;14889600;5572907;8982062;334631;201;0.382886902747783;0.0224741430260047
05/10/12;4; 01:00:00;14889600;4722061;9832781;334758;201;0.324432309193051;0.0224826724693746
05/10/12;4; 02:00:00;14889600;4004493;10550309;334798;201;0.275132083555654;0.0224853589082312
05/10/12;4; 03:00:00;14889600;3820709;10730491;338400;201;0.262570028588707;0.0227272727272727
05/10/12;4; 04:00:00;14889600;3870451;10678371;340778;201;0.266031916535923;0.0228869815173007
05/10/12;4; 05:00:00;14889600;4159082;10375310;355208;201;0.286154522321952;0.0238561143348377
05/10/12;4; 06:00:00;14889600;4928840;9548507;412253;201;0.340451879753936;0.02768731194928
05/10/12;4; 07:00:00;14889600;5662605;8196683;1030312;201;0.408578348324964;0.0691967547818612
05/10/12;4; 08:00:00;14889600;6924674;6941001;1023925;201;0.499411243953143;0.0687677976574253
05/10/12;4; 09:00:00;14889600;8342191;6217912;329497;201;0.572948625432114;0.0221293385987535
05/10/12;4; 10:00:00;14889600;9619397;4936861;333342;201;0.660842711086874;0.0223875725338491
05/10/12;4; 11:00:00;14889600;10253775;4297425;338400;201;0.704668687118588;0.0227272727272727
05/10/12;4; 12:00:00;14889600;10926550;3633756;329294;201;0.750434091151656;0.022115704921556
05/10/12;4; 13:00:00;14889600;10881648;3670671;337281;201;0.747760408495718;0.0226521196002579
05/10/12;4; 14:00:00;14889600;10384976;4176070;328554;201;0.713202609208157;0.0220660058027079
05/10/12;4; 15:00:00;14889600;9737484;4297592;854524;201;0.693796314319923;0.0573906619385343
05/10/12;4; 16:00:00;14889600;9332642;3965032;1591926;201;0.701825146262422;0.10691529658285
05/10/12;4; 17:00:00;14889600;9796113;3499201;1594286;201;0.736809450307078;0.107073796475392
05/10/12;4; 18:00:00;14889600;10676891;3132709;1080000;201;0.773149910207392;0.0725338491295938
05/10/12;4; 19:00:00;14889600;11308492;3264308;316800;201;0.775999945103206;0.0212765957446809
05/10/12;4; 20:00:00;14889600;11570194;2992806;326600;201;0.79449248094486;0.0219347732645605
05/10/12;4; 21:00:00;14889600;11307362;3259192;323046;201;0.776255111538391;0.021696083172147
05/10/12;4; 22:00:00;14889600;10210406;4361349;317845;201;0.700698440235922;0.0213467789598109
05/10/12;4; 23:00:00;14889600;9138140;5428862;322598;201;0.627317824216678;0.0216659950569525
06/10/12;5; 00:00:00;14889600;7963277;6595123;331200;201;0.546988474008133;0.0222437137330754
06/10/12;5; 01:00:00;14889600;6677511;7880972;331117;201;0.458668049411467;0.0222381393724479
06/10/12;5; 02:00:00;14889600;4890026;9672172;327402;201;0.335802740767568;0.0219886363636364
06/10/12;5; 03:00:00;14889600;4337277;10223555;328768;201;0.29787288253858;0.022080378250591
06/10/12;5; 04:00:00;14889600;4178873;10376369;334358;201;0.287104329835258;0.0224558080808081
06/10/12;5; 05:00:00;14889600;4265386;10289414;334800;201;0.293056998378542;0.0224854932301741
06/10/12;5; 06:00:00;14889600;4557702;9997098;334800;201;0.313140819523456;0.0224854932301741
06/10/12;5; 07:00:00;14889600;5069979;9486321;333300;201;0.348301354052884;0.0223847517730496
06/10/12;5; 08:00:00;14889600;5970911;8591796;326893;201;0.410013811305824;0.0219544514291855
06/10/12;5; 09:00:00;14889600;6911535;7657665;320400;201;0.47439358372457;0.0215183752417795
06/10/12;5; 10:00:00;14889600;8056210;6505445;327945;201;0.553248239983711;0.0220251047711154
06/10/12;5; 11:00:00;14889600;8916558;5644782;328260;201;0.612344605647557;0.0220462604771115
06/10/12;5; 12:00:00;14889600;9621747;4941050;326803;201;0.6607073490072;0.021948406941758
06/10/12;5; 13:00:00;14889600;9884649;4678403;326548;201;0.678748451904175;0.0219312808940469
06/10/12;5; 14:00:00;14889600;10063450;4496723;329427;201;0.69116280417822;0.0221246373307544
06/10/12;5; 15:00:00;14889600;10086872;4468447;334281;201;0.693002468719511;0.022450636686009
06/10/12;5; 16:00:00;14889600;10391844;4166556;331200;201;0.71380398944939;0.0222437137330754
06/10/12;5; 17:00:00;14889600;10901228;3656165;332207;201;0.748844796592357;0.0223113448312916
06/10/12;5; 18:00:00;14889600;11545248;3018930;325422;201;0.792715387026992;0.0218556576402321
06/10/12;5; 19:00:00;14889600;11923124;2642476;324000;201;0.818581040259241;0.0217601547388781
06/10/12;5; 20:00:00;14889600;12082446;2479256;327898;201;0.829741331061438;0.0220219482054588
06/10/12;5; 21:00:00;14889600;11852832;2701968;334800;201;0.814358974358974;0.0224854932301741
06/10/12;5; 22:00:00;14889600;10557733;3999322;332545;201;0.725265721672412;0.0223340452396303
06/10/12;5; 23:00:00;14889600;9658331;4904445;326824;201;0.663220460165012;0.0219498173221577
07/10/12;6; 00:00:00;14889600;8860517;5699843;329240;201;0.608536945515083;0.0221120782290995
07/10/12;6; 01:00:00;14889600;7475343;7087531;326726;201;0.513315091512843;0.021943235546959
07/10/12;6; 02:00:00;14889600;5477194;9087488;324918;201;0.376059978515151;0.0218218085106383
07/10/12;6; 03:00:00;14889600;4814727;9749156;325717;201;0.330593633579726;0.0218754701267999
07/10/12;6; 04:00:00;14889600;4565909;9993879;329812;201;0.313597217212229;0.0221504943047496
07/10/12;6; 05:00:00;14889600;4629869;9928147;331584;201;0.318028844040287;0.0222695035460993
07/10/12;6; 06:00:00;14889600;4901180;9657220;331200;201;0.336656500714364;0.0222437137330754
07/10/12;6; 07:00:00;14889600;5634835;8920088;334677;201;0.387142893164052;0.0224772324306899
07/10/12;6; 08:00:00;14889600;7081450;7478568;329582;201;0.486362722903227;0.0221350472813239
07/10/12;6; 09:00:00;14889600;8866224;5695776;327600;201;0.608860321384425;0.0220019342359768
07/10/12;6; 10:00:00;14889600;10433012;4127526;329062;201;0.716526545928454;0.0221001235761874
07/10/12;6; 11:00:00;14889600;11224624;3324295;340681;201;0.771509140988413;0.0228804669030733
07/10/12;6; 12:00:00;14889600;11647774;2903137;338689;201;0.8004841758705;0.022746682248012
07/10/12;6; 13:00:00;14889600;12065389;2482211;342000;201;0.829373161208722;0.0229690522243714
07/10/12;6; 14:00:00;14889600;12267549;2280670;341381;201;0.84323373190904;0.0229274795830647
07/10/12;6; 15:00:00;14889600;12271659;2281379;336562;201;0.843236924139139;0.0226038308618096
07/10/12;6; 16:00:00;14889600;12027595;2527205;334800;201;0.826366215956248;0.0224854932301741
07/10/12;6; 17:00:00;14889600;11516069;3033983;339548;201;0.791479576842749;0.0228043735224586
07/10/12;6; 18:00:00;14889600;11363912;3190888;334800;201;0.780767307005249;0.0224854932301741
07/10/12;6; 19:00:00;14889600;11143826;3411479;334295;201;0.765619545588361;0.0224515769396089
07/10/12;6; 20:00:00;14889600;10733044;3822995;333561;201;0.737360211799378;0.0224022807865893
07/10/12;6; 21:00:00;14889600;9272152;5271856;345592;201;0.637523851747056;0.0232102944336987
07/10/12;6; 22:00:00;14889600;7203067;7345508;341025;201;0.495104640832521;0.0229035702772405
07/10/12;6; 23:00:00;14889600;5897805;8656427;335368;201;0.405229557973241;0.0225236406619385
08/10/12;0; 00:00:00;14832000;4941375;9564934;325691;201;0.340636270742613;0.0219586704422869
08/10/12;0; 01:00:00;14832000;4462592;10040193;329215;201;0.307705864770111;0.022196264832794
08/10/12;0; 02:00:00;14832000;4108400;10397001;326599;201;0.283232431836941;0.0220198894282632
08/10/12;0; 03:00:00;14832000;3996456;10511544;324000;201;0.275465674110835;0.0218446601941748
08/10/12;0; 04:00:00;14832000;4000739;10499718;331543;201;0.275904338739117;0.0223532227615965
08/10/12;0; 05:00:00;14832000;4245239;10239191;347570;201;0.293089821277054;0.0234337918015102
08/10/12;0; 06:00:00;14832000;4863425;9565833;402742;201;0.337053021021594;0.0271535868392665
08/10/12;0; 07:00:00;14832000;5291916;8516791;1023293;201;0.38323037776093;0.0689922464940669
08/10/12;0; 08:00:00;14832000;5904225;7910261;1017514;201;0.42739375174726;0.06860261596548
08/10/12;0; 09:00:00;14832000;6743585;7768084;320331;201;0.464700855566648;0.0215972896440129
08/10/12;0; 10:00:00;14832000;7920224;6598576;313200;201;0.545515056340744;0.0211165048543689
08/10/12;0; 11:00:00;14832000;8744370;5756374;331256;201;0.603029058371074;0.0223338727076591
08/10/12;0; 12:00:00;14832000;9341597;5163426;326977;201;0.644024969832864;0.0220453748651564
08/10/12;0; 13:00:00;14832000;9463608;5044646;323746;201;0.652291309484932;0.0218275350593312
08/10/12;0; 14:00:00;14832000;9035530;5474035;322435;201;0.622729213453332;0.0217391450916936
08/10/12;0; 15:00:00;14832000;8466732;5506837;858431;201;0.605910487148988;0.057876955231931
08/10/12;0; 16:00:00;14832000;8147023;5100977;1584000;201;0.614962484903382;0.106796116504854
08/10/12;0; 17:00:00;14832000;8590693;4660374;1580933;201;0.648301982021523;0.106589333872708
08/10/12;0; 18:00:00;14832000;9764928;3985304;1081768;201;0.710164599404577;0.0729347357065804
08/10/12;0; 19:00:00;14832000;10265057;4243664;323279;201;0.707509435187292;0.0217960490830636
08/10/12;0; 20:00:00;14832000;10030067;4482887;319046;201;0.691111334053701;0.0215106526429342
08/10/12;0; 21:00:00;14832000;8851331;5659303;321366;201;0.609989267181572;0.021667071197411
08/10/12;0; 22:00:00;14832000;6750874;7750839;330287;201;0.465522521373854;0.0222685409924488
08/10/12;0; 23:00:00;14832000;5350871;9149929;331200;201;0.369005227297804;0.0223300970873786
09/10/12;1; 00:00:00;14832000;4626330;9874470;331200;201;0.31903963919232;0.0223300970873786
09/10/12;1; 01:00:00;14832000;4227937;10256399;347664;201;0.291897191559213;0.0234401294498382
09/10/12;1; 02:00:00;14832000;3942869;10546981;342150;201;0.272112478735115;0.0230683656957929
09/10/12;1; 03:00:00;14832000;3909749;10580899;341352;201;0.269811881428629;0.0230145631067961
09/10/12;1; 04:00:00;14832000;3917321;10573129;341550;201;0.270338119244054;0.0230279126213592
09/10/12;1; 05:00:00;14832000;4168522;10303392;360086;201;0.288042203678104;0.0242776429341963
09/10/12;1; 06:00:00;14832000;4928366;9490132;413502;201;0.341808557312974;0.0278790453074434
09/10/12;1; 07:00:00;14832000;5745627;8049573;1036800;201;0.416494650313152;0.0699029126213592
09/10/12;1; 08:00:00;14832000;6880407;6914444;1037149;201;0.498766315054798;0.0699264428263215
09/10/12;1; 09:00:00;14832000;8244744;6248404;338852;201;0.568871855859058;0.0228460086299892
09/10/12;1; 10:00:00;14832000;9458340;5035911;337749;201;0.652558038356035;0.022771642394822
09/10/12;1; 11:00:00;14832000;10305997;4180577;345426;201;0.711417136998713;0.0232892394822006
09/10/12;1; 12:00:00;14832000;10639113;3847287;345600;201;0.734420767064281;0.0233009708737864
09/10/12;1; 13:00:00;14832000;10667907;3819682;344411;201;0.736347987232382;0.023220806364617
09/10/12;1; 14:00:00;14832000;10043199;4441767;347034;201;0.693353301623214;0.0233976537216828
09/10/12;1; 15:00:00;14832000;9471603;4473583;886814;201;0.679202342657889;0.0597905879180151
09/10/12;1; 16:00:00;14832000;9102372;4115497;1614131;201;0.688641414134154;0.108827602481122
09/10/12;1; 17:00:00;14832000;9481449;3741629;1608922;201;0.717037969525703;0.108476402373247
09/10/12;1; 18:00:00;14832000;10598245;3132844;1100911;201;0.771843005314437;0.0742253910463862
09/10/12;1; 19:00:00;14832000;11052496;3423351;356153;201;0.763512905324296;0.0240124730312837
09/10/12;1; 20:00:00;14832000;10514049;3965151;352800;201;0.72614847505387;0.0237864077669903
09/10/12;1; 21:00:00;14832000;8849946;5625573;356481;201;0.611373312418021;0.0240345873786408
09/10/12;1; 22:00:00;14832000;7189378;7273101;369521;201;0.49710551005813;0.0249137675296656
09/10/12;1; 23:00:00;14832000;5795301;8673748;362951;201;0.400530884925471;0.024470806364617
10/10/12;2; 00:00:00;14832000;4817142;9654858;360000;201;0.332859452736318;0.0242718446601942
10/10/12;2; 01:00:00;14832000;4282055;10181400;368545;201;0.296060312007055;0.0248479638619202
10/10/12;2; 02:00:00;14832000;3995777;10460793;375430;201;0.276398689315654;0.0253121628910464
10/10/12;2; 03:00:00;14832000;3972873;10488327;370800;201;0.274726371255497;0.025
10/10/12;2; 04:00:00;14832000;3984977;10476223;370800;201;0.275563369568224;0.025
10/10/12;2; 05:00:00;14832000;4286316;10150462;395222;201;0.296902536009074;0.0266465749730313
10/10/12;2; 06:00:00;14832000;4987265;9395858;448877;201;0.346744236283038;0.0302640911542611
10/10/12;2; 07:00:00;14832000;5674135;8088132;1069733;201;0.412296535156599;0.0721233144552319
10/10/12;2; 08:00:00;14832000;6974498;6790104;1067398;201;0.506698123200366;0.0719658845738943
10/10/12;2; 09:00:00;14832000;8083135;6374528;374337;201;0.559090013372147;0.0252384708737864
10/10/12;2; 10:00:00;14832000;9454306;5012843;364851;201;0.653501667813057;0.0245989077669903
10/10/12;2; 11:00:00;14832000;10233728;4227472;370800;201;0.707667966697093;0.025
10/10/12;2; 12:00:00;14832000;10617209;3831851;382940;201;0.734802748414084;0.0258185005393743
10/10/12;2; 13:00:00;14832000;10561642;3890441;379917;201;0.730804133909278;0.0256146844660194
10/10/12;2; 14:00:00;14832000;10132260;4323298;376442;201;0.700924862257133;0.0253803937432578
10/10/12;2; 15:00:00;14832000;9485919;4434148;911933;201;0.681456418277297;0.0614841558791802
10/10/12;2; 16:00:00;14832000;9146930;4040891;1644179;201;0.693589183535324;0.110853492448759
10/10/12;2; 17:00:00;14832000;9412343;3777862;1641795;201;0.713585800978832;0.110692758899676
10/10/12;2; 18:00:00;14832000;10790324;2918650;1123026;201;0.78709931173551;0.0757164239482201
10/10/12;2; 19:00:00;14832000;11370334;3085024;376642;201;0.786582663673912;0.0253938781014024
10/10/12;2; 20:00:00;14832000;10974818;3474365;382817;201;0.759545920347192;0.0258102076591154
10/10/12;2; 21:00:00;14832000;9759001;4690775;382224;201;0.675373860466764;0.0257702265372168
10/10/12;2; 22:00:00;14832000;7889884;6559352;382764;201;0.546041603860578;0.0258066343042071
10/10/12;2; 23:00:00;14832000;6320278;8120439;391283;201;0.437670650286963;0.0263810005393743
11/10/12;3; 00:00:00;14832000;5431142;9015658;385200;201;0.375940831187529;0.0259708737864078
11/10/12;3; 01:00:00;14832000;4788187;9658613;385200;201;0.331435819697096;0.0259708737864078
11/10/12;3; 02:00:00;14832000;4279178;10154636;398186;201;0.296468972095664;0.0268464131607335
11/10/12;3; 03:00:00;14832000;4162884;10268169;400947;201;0.288467099386303;0.0270325647249191
11/10/12;3; 04:00:00;14832000;4178039;10250761;403200;201;0.289562472277667;0.0271844660194175
11/10/12;3; 05:00:00;14832000;4408292;10008194;415514;201;0.305781311756554;0.0280146979503776
11/10/12;3; 06:00:00;14832000;5108857;9259506;463637;201;0.355562912768838;0.031259236785329
11/10/12;3; 07:00:00;14832000;5786439;7960431;1085130;201;0.42092774573412;0.0731614077669903
11/10/12;3; 08:00:00;14832000;6912121;6838213;1081666;201;0.502687498354585;0.0729278586839266
11/10/12;3; 09:00:00;14832000;8132416;6299082;400502;201;0.563518492674842;0.0270025620280475
11/10/12;3; 10:00:00;14832000;9296255;5142717;393028;201;0.643830807345565;0.0264986515641855
11/10/12;3; 11:00:00;14832000;10007358;4420445;404197;201;0.6936162075404;0.0272516855447681
11/10/12;3; 12:00:00;14832000;10532278;3892847;406875;201;0.730134262268091;0.0274322411003236
11/10/12;3; 13:00:00;14832000;10576218;3845841;409941;201;0.733336203935929;0.0276389563106796
11/10/12;3; 14:00:00;14832000;10139521;4289187;403292;201;0.702732427601972;0.027190668824164
11/10/12;3; 15:00:00;14832000;9379398;4528978;923624;201;0.674370465681975;0.06227238403452
11/10/12;3; 16:00:00;14832000;9097632;4069803;1664565;201;0.690919074216049;0.112227953074434
11/10/12;3; 17:00:00;14832000;9492849;3684597;1654554;201;0.720386105167875;0.111552993527508
11/10/12;3; 18:00:00;14832000;10664389;3027535;1140076;201;0.778881696976992;0.0768659654800432
11/10/12;3; 19:00:00;14832000;11225034;3212251;394715;201;0.777503110868837;0.0266123921251348
11/10/12;3; 20:00:00;14832000;10987931;3433987;410082;201;0.761891102140506;0.0276484627831715
11/10/12;3; 21:00:00;14832000;10119027;4303004;409969;201;0.701636752826284;0.0276408441208198
11/10/12;3; 22:00:00;14832000;8377076;6045957;408967;201;0.580812371433942;0.0275732874865156
11/10/12;3; 23:00:00;14832000;6772112;7637820;422068;201;0.469961412725612;0.0284565803667745
12/10/12;4; 00:00:00;14832000;5768021;8643824;420155;201;0.400227798730836;0.0283276024811219
12/10/12;4; 01:00:00;14832000;4913520;9502846;415634;201;0.340829304694401;0.0280227885652643
12/10/12;4; 02:00:00;14832000;4246373;10168317;417310;201;0.294586494749454;0.0281357874865156
12/10/12;4; 03:00:00;14832000;4123867;10286933;421200;201;0.286165029006023;0.0283980582524272
12/10/12;4; 04:00:00;14832000;4155857;10254943;421200;201;0.288384891886641;0.0283980582524272
12/10/12;4; 05:00:00;14832000;4388102;10011780;432118;201;0.304731802663383;0.0291341693635383
12/10/12;4; 06:00:00;14832000;5115165;9225430;491405;201;0.356691266994152;0.0331314050701187
12/10/12;4; 07:00:00;14832000;5861539;7856518;1113943;201;0.427286386111386;0.0751040318230852
12/10/12;4; 08:00:00;14832000;7024838;6701754;1105408;201;0.511768543859976;0.0745285868392665
12/10/12;4; 09:00:00;14832000;8228719;6191515;411766;201;0.570636995211035;0.0277620010787487
12/10/12;4; 10:00:00;14832000;9447790;4964853;419357;201;0.655520989453496;0.0282737998921251
12/10/12;4; 11:00:00;14832000;10186750;4224744;420506;201;0.706848991506363;0.0283512675296656
12/10/12;4; 12:00:00;14832000;10675638;3741558;414804;201;0.74047949407083;0.0279668284789644
12/10/12;4; 13:00:00;14832000;10762655;3654339;415006;201;0.746525593337973;0.0279804476806904
12/10/12;4; 14:00:00;14832000;10346209;4068191;417600;201;0.717768967143967;0.0281553398058252
12/10/12;4; 15:00:00;14832000;9642445;4245257;944298;201;0.694315373414551;0.0636662621359223
12/10/12;4; 16:00:00;14832000;9331895;3818191;1681914;201;0.709645168860493;0.113397653721683
12/10/12;4; 17:00:00;14832000;9735234;3408732;1688034;201;0.740661836769815;0.113810275080906
12/10/12;4; 18:00:00;14832000;10758635;2890581;1182784;201;0.788223660611716;0.0797454153182309
12/10/12;4; 19:00:00;14832000;11349537;3063183;419280;201;0.787466696085125;0.0282686084142395
12/10/12;4; 20:00:00;14832000;11496616;2907030;428354;201;0.798174017884083;0.0288803937432578
12/10/12;4; 21:00:00;14832000;11173136;3223820;435044;201;0.776076276123925;0.0293314455231931
12/10/12;4; 22:00:00;14832000;10304622;4089031;438347;201;0.715914299170614;0.0295541396979504
12/10/12;4; 23:00:00;14832000;9303059;5087317;441624;201;0.646477826569646;0.0297750809061489
13/10/12;5; 00:00:00;14832000;7849046;6540154;442800;201;0.54548175020154;0.0298543689320388
13/10/12;5; 01:00:00;14832000;6339133;8049650;443217;201;0.440560747910369;0.0298824838187702
13/10/12;5; 02:00:00;14832000;4805433;9580644;445923;201;0.334033593730939;0.030064927184466
13/10/12;5; 03:00:00;14832000;4320882;10057036;454082;201;0.300522092280677;0.030615021574973
13/10/12;5; 04:00:00;14832000;4165544;10215211;451245;201;0.289661008757885;0.0304237459546926
13/10/12;5; 05:00:00;14832000;4234140;10144260;453600;201;0.294479218828242;0.0305825242718447
13/10/12;5; 06:00:00;14832000;4440628;9931727;459645;201;0.308970102672805;0.0309900889967638
13/10/12;5; 07:00:00;14832000;4927597;9436871;467532;201;0.343040689011246;0.0315218446601942
13/10/12;5; 08:00:00;14832000;5698113;8669487;464400;201;0.396594629583229;0.0313106796116505
13/10/12;5; 09:00:00;14832000;6680068;7690392;461540;201;0.464847193478845;0.0311178532901834
13/10/12;5; 10:00:00;14832000;8007169;6361796;463035;201;0.55725440210899;0.0312186488673139
13/10/12;5; 11:00:00;14832000;8878406;5487475;466119;201;0.618020294056452;0.0314265776699029
13/10/12;5; 12:00:00;14832000;9521310;4846290;464400;201;0.662693142904869;0.0313106796116505
13/10/12;5; 13:00:00;14832000;9777390;4587980;466630;201;0.680622218571467;0.0314610302049622
13/10/12;5; 14:00:00;14832000;9675045;4688934;468021;201;0.673563014816438;0.0315548139158576
13/10/12;5; 15:00:00;14832000;9493929;4872493;465578;201;0.660841579065407;0.0313901024811219
13/10/12;5; 16:00:00;14832000;9477168;4890432;464400;201;0.659620813497035;0.0313106796116505
13/10/12;5; 17:00:00;14832000;10150368;4213822;467810;201;0.706643952774225;0.0315405879180151
13/10/12;5; 18:00:00;14832000;11204225;3164566;463209;201;0.779761150398805;0.0312303802588997
13/10/12;5; 19:00:00;14832000;11798359;2574655;458986;201;0.820868817076224;0.0309456580366775
13/10/12;5; 20:00:00;14832000;12079963;2288966;463071;201;0.840700305499457;0.0312210760517799
13/10/12;5; 21:00:00;14832000;11714715;2644874;472411;201;0.815811302120137;0.0318507955771305
13/10/12;5; 22:00:00;14832000;10995066;3368934;468000;201;0.765459899749373;0.0315533980582524
13/10/12;5; 23:00:00;14832000;10081121;4278134;472745;201;0.702064348045912;0.0318733144552319
14/10/12;6; 00:00:00;14832000;9147011;5199766;485223;201;0.637565566119833;0.0327146035598705
14/10/12;6; 01:00:00;14832000;7803883;6535055;493062;201;0.544244141372255;0.0332431229773463
14/10/12;6; 02:00:00;14832000;5686925;8651875;493200;201;0.396610943733088;0.033252427184466
14/10/12;6; 03:00:00;14832000;4983069;9354102;494829;201;0.347562918793394;0.0333622572815534
14/10/12;6; 04:00:00;14832000;4817953;9513976;500071;201;0.336169192576938;0.0337156823085221
14/10/12;6; 05:00:00;14832000;4885008;9442992;504000;201;0.340941373534338;0.0339805825242718
14/10/12;6; 06:00:00;14832000;5325264;9003050;503686;201;0.371660196726565;0.0339594120819849
14/10/12;6; 07:00:00;14832000;6124204;8204517;503279;201;0.427407582295726;0.0339319714131607
14/10/12;6; 08:00:00;14832000;7153876;7174124;504000;201;0.499293411501954;0.0339805825242718
14/10/12;6; 09:00:00;14832000;8696996;5634295;500709;201;0.606853632376874;0.0337586974110032
14/10/12;6; 10:00:00;14832000;10242329;4090044;499627;201;0.714628973164458;0.0336857470334412
14/10/12;6; 11:00:00;14832000;11197202;3125570;509228;201;0.781776181314623;0.0343330636461704
14/10/12;6; 12:00:00;14832000;11947897;2371203;512900;201;0.834402790678185;0.0345806364617044
14/10/12;6; 13:00:00;14832000;12435915;1884885;511200;201;0.868381305513658;0.0344660194174757
14/10/12;6; 14:00:00;14832000;12498085;1821011;512904;201;0.872826399096703;0.0345809061488673
14/10/12;6; 15:00:00;14832000;12414928;1905872;511200;201;0.866915814758952;0.0344660194174757
14/10/12;6; 16:00:00;14832000;12316011;2004789;511200;201;0.860008588905648;0.0344660194174757
14/10/12;6; 17:00:00;14832000;11848711;2474256;509033;201;0.827252551793214;0.0343199163969795
14/10/12;6; 18:00:00;14832000;11911422;2412025;508553;201;0.831603035219106;0.0342875539374326
14/10/12;6; 19:00:00;14832000;11823327;2487386;521287;201;0.826187136867324;0.0351461030204962
14/10/12;6; 20:00:00;14832000;11172602;3144000;515398;201;0.780394817150047;0.0347490560949299
14/10/12;6; 21:00:00;14832000;8845817;5471375;514808;201;0.617845803841982;0.0347092772384035
14/10/12;6; 22:00:00;14832000;7313259;7002985;515756;201;0.510836431678588;0.0347731930960086
14/10/12;6; 23:00:00;14832000;6184901;8129119;517980;201;0.432086932951051;0.0349231391585761
15/10/12;0; 00:00:00;14832000;5345514;8966849;519637;201;0.373489269382002;0.0350348570658037
15/10/12;0; 01:00:00;14832000;4848372;9457424;526204;201;0.338909627957787;0.03547761596548
15/10/12;0; 02:00:00;14832000;4519733;9768734;543533;201;0.316320358230173;0.0366459681769148
15/10/12;0; 03:00:00;14832000;4376196;9912204;543600;201;0.306276140085664;0.0366504854368932
15/10/12;0; 04:00:00;14832000;4377919;9908315;545766;201;0.306443181597054;0.0367965210355987
15/10/12;0; 05:00:00;14832000;4649735;9622725;559540;201;0.325783712128112;0.037725188781014
15/10/12;0; 06:00:00;14832000;5188638;9020579;622783;201;0.365160022540299;0.0419891450916936
15/10/12;0; 07:00:00;14832000;5603895;7986649;1241456;201;0.412337798987296;0.0837011866235167
15/10/12;0; 08:00:00;14832000;6623824;6992506;1215670;201;0.48646177053582;0.0819626483279396
15/10/12;0; 09:00:00;14832000;7885250;6430184;516566;201;0.55082158179766;0.0348278047464941
15/10/12;0; 10:00:00;14832000;9071103;5257503;503394;201;0.633076448609167;0.0339397249190939
15/10/12;0; 11:00:00;14832000;10000845;4317928;513227;201;0.698442876355397;0.0346026833872708
15/10/12;0; 12:00:00;14832000;10486935;3832497;512568;201;0.732356911922205;0.0345582524271845
15/10/12;0; 13:00:00;14832000;10423651;3888917;519432;201;0.728286566044612;0.0350210355987055
15/10/12;0; 14:00:00;14832000;10106946;4212098;512956;201;0.705839440119047;0.0345844120819849
15/10/12;0; 15:00:00;14832000;9669565;4129266;1033169;201;0.700752476785896;0.0696581040992449
15/10/12;0; 16:00:00;14832000;9437548;3644206;1750246;201;0.721428334457291;0.118004719525351
15/10/12;0; 17:00:00;14832000;9746708;3333640;1751652;201;0.745141337218245;0.118099514563107
15/10/12;0; 18:00:00;14832000;10712559;2877860;1241581;201;0.788243467695882;0.0837096143473571
15/10/12;0; 19:00:00;14832000;10969823;3384005;478172;201;0.764243726481883;0.0322392125134844
15/10/12;0; 20:00:00;14832000;10129852;4226397;475751;201;0.705605760947724;0.0320759843581446
15/10/12;0; 21:00:00;14832000;8331294;6025902;474804;201;0.580286986400409;0.0320121359223301
15/10/12;0; 22:00:00;14832000;6751945;7604099;475956;201;0.470320723452784;0.0320898058252427
15/10/12;0; 23:00:00;14832000;5603827;8755032;473141;201;0.390269658612847;0.0319000134843581
16/10/12;1; 00:00:00;14832000;4899896;9451538;480566;201;0.341422048834981;0.0324006202804746
16/10/12;1; 01:00:00;14832000;4431374;9911774;488852;201;0.30895407340146;0.0329592772384035
16/10/12;1; 02:00:00;14832000;4100108;10242292;489600;201;0.285873215082552;0.0330097087378641
16/10/12;1; 03:00:00;14832000;4079769;10262631;489600;201;0.284455112115127;0.0330097087378641
16/10/12;1; 04:00:00;14832000;4152018;10191097;488885;201;0.289478122430169;0.0329615021574973
16/10/12;1; 05:00:00;14832000;4385571;9946855;499574;201;0.305989439610573;0.0336821736785329
16/10/12;1; 06:00:00;14832000;5195943;9086071;549986;201;0.363810244129434;0.0370810409924488
16/10/12;1; 07:00:00;14832000;5700598;7971879;1159523;201;0.416939666455464;0.0781771170442287
16/10/12;1; 08:00:00;14832000;6869852;6805410;1156738;201;0.502356152298947;0.0779893473570658
16/10/12;1; 09:00:00;14832000;8146293;6233165;452542;201;0.566522952395007;0.03051119201726
16/10/12;1; 10:00:00;14832000;9263962;5121638;446400;201;0.643974669113558;0.0300970873786408
16/10/12;1; 11:00:00;14832000;10024946;4345726;461328;201;0.697597579292047;0.0311035598705502
16/10/12;1; 12:00:00;14832000;10348334;4015531;468135;201;0.720442165113638;0.0315625
16/10/12;1; 13:00:00;14832000;10256399;4108877;466724;201;0.713971593723643;0.0314673678532902
16/10/12;1; 14:00:00;14832000;9804923;4562677;464400;201;0.682432904590885;0.0313106796116505
16/10/12;1; 15:00:00;14832000;9263062;4570612;998326;201;0.669602449790273;0.0673089266450917
16/10/12;1; 16:00:00;14832000;8963803;4146594;1721603;201;0.6837171292372;0.116073557173679
16/10/12;1; 17:00:00;14832000;9186952;3924248;1720800;201;0.70069497833913;0.116019417475728
16/10/12;1; 18:00:00;14832000;10088152;3531552;1212296;201;0.74070273480246;0.081735167206041
16/10/12;1; 19:00:00;14832000;10798174;3569856;463970;201;0.751541721446851;0.0312816882416397
16/10/12;1; 20:00:00;14832000;10513903;3862220;455877;201;0.731344813897321;0.0307360436893204
16/10/12;1; 21:00:00;14832000;9257161;5121239;453600;201;0.643824138986257;0.0305825242718447
16/10/12;1; 22:00:00;14832000;7663066;6712384;456550;201;0.533066164885273;0.0307814185544768
16/10/12;1; 23:00:00;14832000;5871070;8500516;460414;201;0.40851928242297;0.0310419363538296
17/10/12;2; 00:00:00;14832000;4981191;9396998;453811;201;0.34644077915515;0.0305967502696872
17/10/12;2; 01:00:00;14832000;4436612;9941788;453600;201;0.308560896900907;0.0305825242718447
17/10/12;2; 02:00:00;14832000;4110613;10266678;454709;201;0.285910120341864;0.0306572950377562
17/10/12;2; 03:00:00;14832000;4083263;10291537;457200;201;0.284057030358683;0.0308252427184466
17/10/12;2; 04:00:00;14832000;4110962;10265962;455076;201;0.285941693786515;0.0306820388349515
17/10/12;2; 05:00:00;14832000;4410074;9960004;461922;201;0.306892836629001;0.0311436084142395
17/10/12;2; 06:00:00;14832000;5140652;9180148;511200;201;0.358964024356181;0.0344660194174757
17/10/12;2; 07:00:00;14832000;5911852;7785869;1134279;201;0.431593839588352;0.0764751213592233
17/10/12;2; 08:00:00;14832000;6906706;6792194;1133100;201;0.504179605661768;0.0763956310679612
17/10/12;2; 09:00:00;14832000;8112141;6284259;435600;201;0.563483995999;0.029368932038835
17/10/12;2; 10:00:00;14832000;9263055;5131780;437165;201;0.643498518739534;0.0294744471413161
17/10/12;2; 11:00:00;14832000;10004604;4381508;445888;201;0.695434874968303;0.0300625674217907
17/10/12;2; 12:00:00;14832000;10496218;3887769;448013;201;0.729715481528174;0.0302058387270766
17/10/12;2; 13:00:00;14832000;10552082;3837118;442800;201;0.733333472326467;0.0298543689320388
17/10/12;2; 14:00:00;14832000;10161897;4220574;449529;201;0.706547365887267;0.0303080501618123
17/10/12;2; 15:00:00;14832000;9429312;4420289;982399;201;0.680836364888779;0.0662350997842503
17/10/12;2; 16:00:00;14832000;9062616;4064190;1705194;201;0.690390030903176;0.114967233009709
17/10/12;2; 17:00:00;14832000;9457060;3673334;1701606;201;0.720241905916913;0.114725323624595
17/10/12;2; 18:00:00;14832000;10669555;2973886;1188559;201;0.782028155507104;0.0801347761596548
17/10/12;2; 19:00:00;14832000;11312571;3080201;439228;201;0.785989731512456;0.0296135382955771
17/10/12;2; 20:00:00;14832000;10932718;3465529;433753;201;0.759308963098077;0.02924440399137
17/10/12;2; 21:00:00;14832000;9722329;4676656;433015;201;0.675209328990898;0.0291946467098166
17/10/12;2; 22:00:00;14832000;7931576;6454028;446396;201;0.551355090825522;0.0300968176914779
17/10/12;2; 23:00:00;14832000;6353208;8023589;455203;201;0.441907053427825;0.0306906014023732
18/10/12;3; 00:00:00;14832000;5349583;9028817;453600;201;0.372056904801647;0.0305825242718447
18/10/12;3; 01:00:00;14832000;4747077;9628325;456598;201;0.330222208742406;0.0307846548004315
18/10/12;3; 02:00:00;14832000;4298220;10069958;463822;201;0.299148576806329;0.0312717098166127
18/10/12;3; 03:00:00;14832000;4199359;10164680;467961;201;0.292352241594443;0.0315507686084142
18/10/12;3; 04:00:00;14832000;4284054;10079946;468000;201;0.298249373433584;0.0315533980582524
18/10/12;3; 05:00:00;14832000;4550422;9806992;474586;201;0.316938830349254;0.0319974379719525
18/10/12;3; 06:00:00;14832000;5222234;9085050;524716;201;0.3650052658492;0.0353772923408846
18/10/12;3; 07:00:00;14803200;5808745;7855877;1138578;201;0.425093720119005;0.0769143158236057
18/10/12;3; 08:00:00;14803200;6770625;6899791;1132784;201;0.495275710702586;0.0765229139645482
18/10/12;3; 09:00:00;14799600;8120041;6234859;444700;201;0.565663362336206;0.0300481094083624
18/10/12;3; 10:00:00;14799600;9271533;5091350;436717;201;0.645520331816391;0.0295087029379172
18/10/12;3; 11:00:00;14799600;10011034;4347570;440996;201;0.697214993881021;0.0297978323738479
18/10/12;3; 12:00:00;14799600;10521044;3837102;441454;201;0.732757836561907;0.0298287791561934
18/10/12;3; 13:00:00;14799600;10487008;3869055;443537;201;0.73049331143225;0.0299695262034109
18/10/12;3; 14:00:00;14799600;9973689;4383819;442092;201;0.694667138614863;0.029871888429417
18/10/12;3; 15:00:00;14799600;9337956;4493702;967942;201;0.675114725942472;0.0654032541420038
18/10/12;3; 16:00:00;14799600;9105406;4000807;1693387;201;0.69473966278436;0.114421133003595
18/10/12;3; 17:00:00;14799600;9762831;3341010;1695759;201;0.745035825755212;0.114581407605611
18/10/12;3; 18:00:00;14799600;11002461;2618991;1178148;201;0.80773040935724;0.0796067461282737
18/10/12;3; 19:00:00;14799600;11625259;2747926;426415;201;0.808815791350351;0.0288126030433255
18/10/12;3; 20:00:00;14799600;11370219;2986632;442749;201;0.791971651722233;0.0299162815211222
18/10/12;3; 21:00:00;14799600;10487802;3871141;440657;201;0.730402091574568;0.0297749263493608
18/10/12;3; 22:00:00;14799600;8868000;5499791;431809;201;0.617213877902316;0.0291770723533068
18/10/12;3; 23:00:00;14799600;7144368;7222397;432835;201;0.497284392136991;0.0292463985513122
19/10/12;4; 00:00:00;14832000;5822017;8577179;432804;201;0.404329311164318;0.0291804207119741
19/10/12;4; 01:00:00;14832000;4932568;9463892;435540;201;0.342623672763999;0.0293648867313916
19/10/12;4; 02:00:00;14832000;4240648;10154618;436734;201;0.294586289687179;0.0294453883495146
19/10/12;4; 03:00:00;14832000;4052032;10332384;447584;201;0.281695968748401;0.0301769147788565
19/10/12;4; 04:00:00;14832000;4018653;10365296;448051;201;0.279384541755536;0.0302084007551241
19/10/12;4; 05:00:00;14832000;4244354;10130327;457319;201;0.295265961032457;0.0308332659115426
19/10/12;4; 06:00:00;14832000;5018143;9300632;513225;201;0.350458960351008;0.0346025485436893
19/10/12;4; 07:00:00;14832000;5730138;7968013;1133849;201;0.418314705393451;0.0764461299892125
19/10/12;4; 08:00:00;14832000;6823155;6885391;1123454;201;0.497730029136569;0.0757452804746494
19/10/12;4; 09:00:00;14832000;7978990;6420305;432705;201;0.554123656748473;0.0291737459546926
19/10/12;4; 10:00:00;14832000;9119159;5276432;436409;201;0.633468886411124;0.0294234762675297
19/10/12;4; 11:00:00;14832000;9957628;4434410;439962;201;0.691884498915303;0.0296630258899676
19/10/12;4; 12:00:00;14832000;10568461;3827055;436484;201;0.734149508777594;0.0294285329018339
19/10/12;4; 13:00:00;14832000;10569531;3821735;440734;201;0.734440666998998;0.0297150755124056
19/10/12;4; 14:00:00;14832000;10049326;4345277;437397;201;0.698131514985165;0.0294900889967638
19/10/12;4; 15:00:00;14832000;9467138;4397396;967466;201;0.682831316220221;0.0652282901833873
19/10/12;4; 16:00:00;14832000;9317297;3827872;1686831;201;0.708800092262032;0.113729166666667
19/10/12;4; 17:00:00;14832000;9900654;3237759;1693587;201;0.753565442036264;0.11418466828479
19/10/12;4; 18:00:00;14832000;11013016;2638111;1180873;201;0.806747750570338;0.0796165722761597
19/10/12;4; 19:00:00;14832000;11730771;2670809;430420;201;0.81454750103808;0.029019687162891
19/10/12;4; 20:00:00;14832000;11750091;2644876;437033;201;0.816263837214771;0.0294655474649407
19/10/12;4; 21:00:00;14832000;11551868;2844532;435600;201;0.802413658970298;0.029368932038835
19/10/12;4; 22:00:00;14832000;10681531;3715190;435279;201;0.741941932471984;0.0293472896440129
19/10/12;4; 23:00:00;14832000;9431931;4955409;444660;201;0.655571565000897;0.0299797734627832
20/10/12;5; 00:00:00;14832000;8004394;6378256;449350;201;0.556531237289373;0.0302959816612729
20/10/12;5; 01:00:00;14832000;6538343;7848215;445442;201;0.454475837792473;0.0300324973031284
20/10/12;5; 02:00:00;14832000;5031448;9355007;445545;201;0.349735080671368;0.0300394417475728
20/10/12;5; 03:00:00;14832000;4507014;9875878;449108;201;0.313359371675738;0.030279665587918
20/10/12;5; 04:00:00;14832000;4349934;10032066;450000;201;0.302456821026283;0.0303398058252427
20/10/12;5; 05:00:00;14832000;4357088;10023935;450977;201;0.302974830093798;0.0304056769147789
20/10/12;5; 06:00:00;14832000;4703084;9674714;454202;201;0.327107391549109;0.0306231121898598
20/10/12;5; 07:00:00;14832000;5144932;9223301;463767;201;0.358076876954877;0.031268001618123
20/10/12;5; 08:00:00;14832000;5945272;8428181;458547;201;0.413628652767014;0.0309160598705502
20/10/12;5; 09:00:00;14832000;6941498;7435362;455140;201;0.482824344119648;0.0306863538295577
20/10/12;5; 10:00:00;14832000;8205053;6173131;453816;201;0.570659896966126;0.0305970873786408
20/10/12;5; 11:00:00;14832000;9067153;5313648;451199;201;0.630504031034155;0.0304206445523193
20/10/12;5; 12:00:00;14832000;9623250;4761586;447164;201;0.668985729138657;0.030148597626753
20/10/12;5; 13:00:00;14832000;9855924;4514941;461135;201;0.685826775214992;0.0310905474649407
20/10/12;5; 14:00:00;14832000;9745972;4621881;464147;201;0.678317908736956;0.0312936218985976
20/10/12;5; 15:00:00;14832000;9570683;4814114;447203;201;0.665333198654107;0.0301512270765912
20/10/12;5; 16:00:00;14832000;9626801;4754957;450242;201;0.669375816224971;0.0303561218985976
20/10/12;5; 17:00:00;14832000;10181669;4186249;464082;201;0.708639136164335;0.0312892394822006
20/10/12;5; 18:00:00;14832000;11058165;3326272;447563;201;0.768758971936128;0.0301754989212513
20/10/12;5; 19:00:00;14832000;11610869;2781839;439292;201;0.806718860689733;0.0296178532901834
20/10/12;5; 20:00:00;14832000;11917786;2468900;445314;201;0.828389943312866;0.0300238673139159
20/10/12;5; 21:00:00;14832000;11892873;2475188;463939;201;0.827729851648041;0.0312795981661273
20/10/12;5; 22:00:00;14832000;11372789;2999488;459723;201;0.79130043207489;0.0309953478964401
20/10/12;5; 23:00:00;14832000;10505840;3875917;450243;201;0.730497671459753;0.0303561893203883
21/10/12;6; 00:00:00;14832000;9191352;5183504;457144;201;0.639404805168135;0.0308214670981661
21/10/12;6; 01:00:00;14832000;7812434;6562366;457200;201;0.543481231043215;0.0308252427184466
21/10/12;6; 02:00:00;14832000;5864722;8513280;453998;201;0.407895478106068;0.0306093581445523
21/10/12;6; 03:00:00;14832000;5199266;9179990;452744;201;0.361581016430892;0.030524811218986
21/10/12;6; 04:00:00;14832000;4959582;9411618;460800;201;0.345105627922512;0.0310679611650485
21/10/12;6; 05:00:00;14832000;4998323;9372877;460800;201;0.347801366622133;0.0310679611650485
21/10/12;6; 06:00:00;14832000;5330507;9040693;460800;201;0.370915929080383;0.0310679611650485
21/10/12;6; 07:00:00;14832000;5916755;8447766;467479;201;0.411900612627459;0.0315182713052859
21/10/12;6; 08:00:00;14832000;7111515;7252207;468278;201;0.495102522869769;0.0315721413160734
21/10/12;6; 09:00:00;14832000;8862372;5509949;459679;201;0.616627752747799;0.0309923813376483
21/10/12;6; 10:00:00;14832000;10472456;3904202;455342;201;0.728434661240464;0.0306999730312837
21/10/12;6; 11:00:00;14832000;11373917;2988543;469540;201;0.79191983824498;0.0316572276159655
21/10/12;6; 12:00:00;14832000;11983620;2380014;468366;201;0.834302795518182;0.031578074433657
21/10/12;6; 13:00:00;14832000;12352932;2011563;467505;201;0.859962845891902;0.0315200242718447
21/10/12;6; 14:00:00;14832000;12544484;1818544;468972;201;0.873387143713707;0.031618932038835
21/10/12;6; 15:00:00;14832000;12448350;1915199;468451;201;0.866662549763989;0.0315838052858684
21/10/12;6; 16:00:00;14832000;12369514;1998136;464350;201;0.860928126729145;0.0313073085221144
21/10/12;6; 17:00:00;14832000;11766058;2595281;470661;201;0.819286975956768;0.0317328074433657
21/10/12;6; 18:00:00;14832000;11530448;2825720;475832;201;0.803170316758622;0.0320814455231931
21/10/12;6; 19:00:00;14832000;11213930;3147207;470863;201;0.780852518850005;0.0317464266450917
21/10/12;6; 20:00:00;14832000;9750273;4615461;466266;201;0.678717356175466;0.0314364886731392
21/10/12;6; 21:00:00;14832000;8419942;5924994;487064;201;0.586962674493633;0.0328387270765912
21/10/12;6; 22:00:00;14832000;7118091;7228605;485304;201;0.496148451183464;0.0327200647249191
21/10/12;6; 23:00:00;14832000;5903110;8453677;475213;201;0.411172081887124;0.0320397114347357
22/10/12;0; 00:00:00;14832000;5136786;9205659;489555;201;0.358152741739641;0.0330066747572816
22/10/12;0; 01:00:00;14832000;4827325;9491127;513548;201;0.337140146155464;0.0346243257820928
22/10/12;0; 02:00:00;14832000;4499105;9815742;517153;201;0.314296408477157;0.0348673813376483
22/10/12;0; 03:00:00;14832000;4380427;9937310;514263;201;0.305944088790009;0.0346725323624595
22/10/12;0; 04:00:00;14832000;4416970;9897331;517699;201;0.308570428971698;0.034904193635383
22/10/12;0; 05:00:00;14832000;4665149;9634051;532800;201;0.326252447689381;0.0359223300970874
22/10/12;0; 06:00:00;14832000;5230299;9020742;580959;201;0.367011715144178;0.0391692961165049
22/10/12;0; 07:00:00;14832000;5782613;7844250;1205137;201;0.424353939714518;0.0812524946062567
22/10/12;0; 08:00:00;14832000;6422037;7212560;1197403;201;0.47101040096748;0.0807310544768069
22/10/12;0; 09:00:00;14832000;7667673;6656727;507600;201;0.53528755131105;0.0342233009708738
22/10/12;0; 10:00:00;14832000;9026424;5301512;504064;201;0.629987738638699;0.0339848975188781
22/10/12;0; 11:00:00;14832000;9940455;4365598;525947;201;0.69484259564815;0.0354602885652643
22/10/12;0; 12:00:00;14832000;10551074;3757670;523256;201;0.737386454045163;0.0352788565264293
22/10/12;0; 13:00:00;14832000;10458693;3853431;519876;201;0.73075757308978;0.0350509708737864
22/10/12;0; 14:00:00;14832000;10138353;4177043;516604;201;0.708213241184526;0.0348303667745415
22/10/12;0; 15:00:00;14832000;9481649;4310653;1039698;201;0.687459497334093;0.0700983009708738
22/10/12;0; 16:00:00;14832000;9183850;3886448;1761702;201;0.70265039098573;0.118777103559871
22/10/12;0; 17:00:00;14832000;9540868;3535179;1755953;201;0.729644670136166;0.118389495685005
22/10/12;0; 18:00:00;14832000;10410223;3169361;1252416;201;0.766608388003638;0.0844401294498382
22/10/12;0; 19:00:00;14832000;10965559;3347311;519130;201;0.766132788182943;0.0350006742179072
22/10/12;0; 20:00:00;14832000;10477556;3837355;517089;201;0.73193301725732;0.0348630663430421
22/10/12;0; 21:00:00;14832000;8448445;5862083;521472;201;0.590365708379174;0.0351585760517799
22/10/12;0; 22:00:00;14832000;7088984;7191974;551042;201;0.496394149468124;0.037152238403452
22/10/12;0; 23:00:00;14832000;5921662;8357580;552758;201;0.414704225896585;0.0372679341963323
24/07/12;1; 00:00:00;14875200;4895188;9771504;208508;201;0.333762241683401;0.0140171560718511
24/07/12;1; 01:00:00;14875200;4268641;10397759;208800;201;0.291048996345388;0.0140367860600194
24/07/12;1; 02:00:00;14875200;3827551;10828437;219212;201;0.261159534246344;0.0147367430353878
24/07/12;1; 03:00:00;14875200;3718955;10922245;234000;201;0.254006160697211;0.015730880929332
24/07/12;1; 04:00:00;14875200;3754309;10887523;233368;201;0.256409785332874;0.0156883941056255
24/07/12;1; 05:00:00;14875200;4096860;10534233;244107;201;0.280010522795529;0.0164103339787028
24/07/12;1; 06:00:00;14875200;4830969;9733958;310273;201;0.331685081566149;0.0208584086264386
24/07/12;1; 07:00:00;14875200;5577927;8370576;926697;201;0.399894311238991;0.0622981203614069
24/07/12;1; 08:00:00;14875200;6402550;7561692;910958;201;0.458496064448038;0.0612400505539421
24/07/12;1; 09:00:00;14875200;7634696;7031176;209328;201;0.52057566028123;0.0140722813810907
24/07/12;1; 10:00:00;14875200;8868692;5788539;217969;201;0.60507281354848;0.014653181133699
24/07/12;1; 11:00:00;14875200;9804797;4859074;211329;201;0.668636337567345;0.0142068005808325
24/07/12;1; 12:00:00;14875200;10310645;4350758;213797;201;0.703250909889047;0.0143727143164462
24/07/12;1; 13:00:00;14875200;10486495;4161495;227210;201;0.715899928932229;0.0152744164784339
24/07/12;1; 14:00:00;14875200;10046099;4605776;223325;201;0.685652791878173;0.0150132435194149
24/07/12;1; 15:00:00;14875200;9444607;4695105;735488;201;0.66794903601997;0.0494439066365494
24/07/12;1; 16:00:00;14875200;9280815;4125054;1469331;201;0.692294919486383;0.0987772265246854
24/07/12;1; 17:00:00;14875200;9643615;3768266;1463319;201;0.719035234505883;0.0983730638915779
24/07/12;1; 18:00:00;14875200;10949553;2973086;952561;201;0.78645671987904;0.0640368532860062
24/07/12;1; 19:00:00;14875200;11549360;3134234;191606;201;0.786548579319205;0.0128809024416478
24/07/12;1; 20:00:00;14875200;11319972;3356183;199045;201;0.771317283034964;0.0133809965580295
24/07/12;1; 21:00:00;14875200;10206504;4469860;198836;201;0.695438188913821;0.0133669463267721
24/07/12;1; 22:00:00;14875200;7979553;6703090;192557;201;0.543468434123202;0.0129448343551683
24/07/12;1; 23:00:00;14875200;5967205;8712024;195971;201;0.406506704132758;0.0131743438743681
25/07/12;2; 00:00:00;14875200;4952578;9720183;202439;201;0.337535519047847;0.0136091615574917
25/07/12;2; 01:00:00;14875200;4283455;10384052;207693;201;0.292037017606332;0.013962366892546
25/07/12;2; 02:00:00;14875200;3990856;10680570;203774;201;0.272015549136124;0.0136989082499731
25/07/12;2; 03:00:00;14875200;3918726;10747729;208745;201;0.267189719669818;0.0140330886307411
25/07/12;2; 04:00:00;14875200;3914490;10754308;206402;201;0.266858266096513;0.0138755781434871
25/07/12;2; 05:00:00;14875200;4175715;10476737;222748;201;0.284984042261323;0.0149744541249866
25/07/12;2; 06:00:00;14875200;4942177;9650732;282291;201;0.338669760772167;0.0189772910616328
25/07/12;2; 07:00:00;14875200;5726682;8238225;910293;201;0.410076629941037;0.0611953452726686
25/07/12;2; 08:00:00;14875200;6630929;7340330;903941;201;0.474612130517371;0.0607683258040228
25/07/12;2; 09:00:00;14875200;7795780;6866920;212500;201;0.531674248262598;0.0142855222114661
25/07/12;2; 10:00:00;14875200;9179335;5490782;205083;201;0.62571655018157;0.0137869070667957
25/07/12;2; 11:00:00;14875200;10068127;4605983;201090;201;0.686115001182354;0.0135184737011939
25/07/12;2; 12:00:00;14875200;11013751;3667326;194123;201;0.750200479161032;0.0130501102506185
25/07/12;2; 13:00:00;14875200;11134035;3547831;193334;201;0.758352855147976;0.0129970689469721
25/07/12;2; 14:00:00;14875200;10724004;3958218;192978;201;0.730407427431624;0.0129731364956438
25/07/12;2; 15:00:00;14875200;9967801;4197804;709595;201;0.703662215627218;0.0477032241583306
25/07/12;2; 16:00:00;14875200;9096730;4342070;1436400;201;0.676900467303628;0.0965634075508228
25/07/12;2; 17:00:00;14875200;9445970;3982578;1446652;201;0.70342452512364;0.0972526083682908
25/07/12;2; 18:00:00;14875200;10935726;2999952;939522;201;0.784728665515951;0.0631602936431107
25/07/12;2; 19:00:00;14875200;11810840;2887960;176400;201;0.803524097205214;0.0118586640851888
25/07/12;2; 20:00:00;14875200;11362324;3333939;178937;201;0.773143757702213;0.012029216413897
25/07/12;2; 21:00:00;14875200;9850520;4845968;178712;201;0.67026353507042;0.0120140905668495
25/07/12;2; 22:00:00;14875200;8264172;6438228;172800;201;0.562096800522364;0.0116166505324298
25/07/12;2; 23:00:00;14875200;6745632;7959941;169627;201;0.45871262547879;0.0114033424760675
26/07/12;3; 00:00:00;14875200;5668312;9021922;184966;201;0.385855800527071;0.0124345218887813
26/07/12;3; 01:00:00;14875200;4822900;9869727;182573;201;0.32825307550515;0.0122736501021835
26/07/12;3; 02:00:00;14875200;4172185;10526292;176723;201;0.283851517405511;0.0118803780789502
26/07/12;3; 03:00:00;14875200;3982279;10711834;181087;201;0.271011867133457;0.0121737522856836
26/07/12;3; 04:00:00;14875200;4043348;10645664;186188;201;0.275263441816237;0.0125166720447456
26/07/12;3; 05:00:00;14875200;4308117;10369083;198000;201;0.293524446079634;0.0133107454017425
26/07/12;3; 06:00:00;14875200;4964047;9659636;251517;201;0.339452585234513;0.016908478541465
26/07/12;3; 07:00:00;14875200;5700772;8293449;880979;201;0.407366154929238;0.0592246826933419
26/07/12;3; 08:00:00;14875200;6547884;7449027;878289;201;0.467809218762626;0.0590438447886415
26/07/12;3; 09:00:00;14875200;7811903;6883137;180160;201;0.531601343038195;0.0121114337958481
26/07/12;3; 10:00:00;14878800;9166157;5528210;184433;201;0.623787128768459;0.0123956905126758
26/07/12;3; 11:00:00;14878800;9928497;4758778;191525;201;0.675993130107525;0.012872341855526
26/07/12;3; 12:00:00;14878800;10576158;4111842;190800;201;0.720054330065359;0.0128236148076458
26/07/12;3; 13:00:00;14878800;10433345;4257790;187665;201;0.71017964234894;0.0126129123316396
26/07/12;3; 14:00:00;14878800;10156142;4533436;189222;201;0.6913841908869;0.01271755786757
26/07/12;3; 15:00:00;14878800;9631612;4531387;715801;201;0.680054556241937;0.0481087856547571
26/07/12;3; 16:00:00;14878800;9215927;4215757;1447116;201;0.686133399207426;0.0972602629244294
26/07/12;3; 17:00:00;14878800;9645250;3789538;1444012;201;0.717930941671726;0.0970516439497809
26/07/12;3; 18:00:00;14878800;11212730;2719625;946445;201;0.804797896694421;0.0636103045944565
26/07/12;3; 19:00:00;14878800;12061081;2628561;189158;201;0.821060240950732;0.0127132564454123
26/07/12;3; 20:00:00;14878800;11782685;2910689;185426;201;0.801904654438116;0.0124624297658413
26/07/12;3; 21:00:00;14878800;10456698;4241623;180479;201;0.711421256890498;0.0121299432749953
26/07/12;3; 22:00:00;14878800;8396839;6298357;183604;201;0.571400272578875;0.0123399736537893
26/07/12;3; 23:00:00;14878800;6721063;7976345;181392;201;0.457295803450513;0.0121913057504637
27/07/12;4; 00:00:00;14878800;5512838;9184082;181880;201;0.375101585910517;0.0122241040944162
27/07/12;4; 01:00:00;14878800;4708974;9986226;183600;201;0.320443001796505;0.0123397048149044
27/07/12;4; 02:00:00;14878800;4073601;10617797;187402;201;0.277277969053728;0.0125952361749603
27/07/12;4; 03:00:00;14878800;3880142;10807858;190800;201;0.264170887799564;0.0128236148076458
27/07/12;4; 04:00:00;14878800;3846789;10841211;190800;201;0.26190012254902;0.0128236148076458
27/07/12;4; 05:00:00;14878800;4074981;10600910;202909;201;0.277664981294832;0.013637457321827
27/07/12;4; 06:00:00;14878800;4790066;9829534;259200;201;0.327646857643164;0.0174207597386886
27/07/12;4; 07:00:00;14878800;5569399;8427401;882000;201;0.397905164037494;0.0592789741108154
27/07/12;4; 08:00:00;14878800;6657570;7343067;878163;201;0.475519078167658;0.059021090410517
27/07/12;4; 09:00:00;14878800;7971540;6721628;185632;201;0.542533781686836;0.0124762749684114
27/07/12;4; 10:00:00;14878800;9082586;5614481;181733;201;0.617986296177326;0.0122142242653977
27/07/12;4; 11:00:00;14878800;9979020;4709173;190607;201;0.679390582626467;0.0128106433314515
27/07/12;4; 12:00:00;14878800;10681172;4006828;190800;201;0.727203976034858;0.0128236148076458
27/07/12;4; 13:00:00;14878800;10692118;3998104;188578;201;0.727839102771898;0.0126742748071081
27/07/12;4; 14:00:00;14878800;10223547;4459627;195626;201;0.696276363679951;0.0131479689222249
27/07/12;4; 15:00:00;14878800;9755669;4411392;711739;201;0.688616290986536;0.0478357797671855
27/07/12;4; 16:00:00;14882400;9423210;4011990;1447200;201;0.701382190067881;0.0972423802612482
27/07/12;4; 17:00:00;14882400;9964686;3465903;1451811;201;0.741939612626073;0.0975522093210772
27/07/12;4; 18:00:00;14882400;11137198;2789651;955551;201;0.799692593780546;0.0642067811643283
27/07/12;4; 19:00:00;14886000;11992781;2702200;191019;201;0.816114086843664;0.0128321241434905
27/07/12;4; 20:00:00;14886000;12090820;2604380;190800;201;0.822773422614187;0.0128174123337364
27/07/12;4; 21:00:00;14886000;11680564;3013325;192111;201;0.794926652841872;0.0129054816606207
27/07/12;4; 22:00:00;14886000;10715067;3976533;194400;201;0.729332884097035;0.0130592503022975
27/07/12;4; 23:00:00;14886000;9264918;5431234;189848;201;0.630431557866304;0.0127534596264947
28/07/12;5; 00:00:00;14886000;8027837;6673863;184300;201;0.546048212111525;0.0123807604460567
28/07/12;5; 01:00:00;14886000;6545465;8147452;193083;201;0.445484378629512;0.0129707779121322
28/07/12;5; 02:00:00;14886000;4786291;9908165;191544;201;0.32572087051062;0.0128673921805724
28/07/12;5; 03:00:00;14886000;4187281;10507919;190800;201;0.284942089934128;0.0128174123337364
28/07/12;5; 04:00:00;14886000;4066425;10628775;190800;201;0.27671790788829;0.0128174123337364
28/07/12;5; 05:00:00;14886000;4064149;10630210;191641;201;0.276578855872515;0.0128739083702808
28/07/12;5; 06:00:00;14886000;4433960;10261240;190800;201;0.301728455550112;0.0128174123337364
28/07/12;5; 07:00:00;14889600;4936214;9762506;190880;201;0.335826112749954;0.0128196862239415
28/07/12;5; 08:00:00;14889600;5530494;9161740;197366;201;0.376422945618753;0.0132552922845476
28/07/12;5; 09:00:00;14889600;6422153;8270208;197239;201;0.437108304104425;0.0132467628411777
28/07/12;5; 10:00:00;14889600;7701280;6994952;193368;201;0.52403092166754;0.0129867827208253
28/07/12;5; 11:00:00;14889600;8923899;5767701;198000;201;0.607415053499959;0.0132978723404255
28/07/12;5; 12:00:00;14889600;9868797;4818518;202285;201;0.671926557032378;0.0135856571029443
28/07/12;5; 13:00:00;14889600;10227115;4457285;205200;201;0.696461210536351;0.0137814313346228
28/07/12;5; 14:00:00;14889600;10298542;4387784;203274;201;0.701233378586312;0.013652079303675
28/07/12;5; 15:00:00;14889600;9932568;4755432;201600;201;0.676236928104575;0.0135396518375242
28/07/12;5; 16:00:00;14889600;9554229;5133162;202209;201;0.650505525453772;0.0135805528691167
28/07/12;5; 17:00:00;14889600;9777918;4910082;201600;201;0.665707924836601;0.0135396518375242
28/07/12;5; 18:00:00;14889600;10811100;3884100;194400;201;0.735689204638249;0.0130560928433269
28/07/12;5; 19:00:00;14889600;11520116;3175084;194400;201;0.783937340083837;0.0130560928433269
28/07/12;5; 20:00:00;14889600;11792253;2899960;197387;201;0.802619251436118;0.0132567026649473
28/07/12;5; 21:00:00;14889600;11621419;3070181;198000;201;0.791024735222848;0.0132978723404255
28/07/12;5; 22:00:00;14889600;11172984;3520028;196588;201;0.760428426792274;0.0132030410487857
28/07/12;5; 23:00:00;14893200;10572689;4125213;195298;201;0.719333208236114;0.0131132328848065
29/07/12;6; 00:00:00;14893200;9683655;5010950;198595;201;0.658993896059132;0.01333460908334
29/07/12;6; 01:00:00;14893200;8148769;6544878;199553;201;0.554577702867096;0.0133989337415733
29/07/12;6; 02:00:00;14893200;5838586;8853014;201600;201;0.397409812409812;0.0135363790186125
29/07/12;6; 03:00:00;14893200;4950793;9738077;204330;201;0.337043829784047;0.0137196841511562
29/07/12;6; 04:00:00;14893200;4864527;9826835;201838;201;0.331114773429448;0.013552359466065
29/07/12;6; 05:00:00;14893200;5495325;9189340;208535;201;0.374222020046082;0.0140020277710633
29/07/12;6; 06:00:00;14893200;6167962;8516438;208800;201;0.420035003132576;0.0140198211264201
29/07/12;6; 07:00:00;14893200;6755618;7924324;213258;201;0.460193780057169;0.0143191523648376
29/07/12;6; 08:00:00;14893200;7927554;6744223;221423;201;0.540326778412731;0.0148673891440389
29/07/12;6; 09:00:00;14893200;9362672;5310506;220022;201;0.638080721163473;0.014773319367228
29/07/12;6; 10:00:00;14893200;10806480;3867120;219600;201;0.736457311089303;0.0147449842881315
29/07/12;6; 11:00:00;14893200;11745853;2918989;228358;201;0.800953259503239;0.0153330378964897
29/07/12;6; 12:00:00;14893200;12220794;2445391;227015;201;0.833263319670385;0.0152428625144361
29/07/12;6; 13:00:00;14893200;12456145;2217132;219923;201;0.848900010542975;0.0147666720382456
29/07/12;6; 14:00:00;14893200;12711045;1961755;220400;201;0.866299888228559;0.0147987000778879
29/07/12;6; 15:00:00;14893200;12641102;2027210;224888;201;0.86179664026781;0.0151000456584213
29/07/12;6; 16:00:00;14893200;11869461;2801488;222251;201;0.809045209004544;0.0149229849864368
29/07/12;6; 17:00:00;14893200;10848867;3826923;217410;201;0.739235639103585;0.0145979373136734
29/07/12;6; 18:00:00;14893200;10401013;4282852;209335;201;0.70832938058202;0.0140557435608197
29/07/12;6; 19:00:00;14893200;10297627;4375697;219876;201;0.701792381876117;0.0147635162355975
29/07/12;6; 20:00:00;14893200;9762624;4918666;211910;201;0.664970448782089;0.0142286412590981
29/07/12;6; 21:00:00;14893200;8594504;6094719;203977;201;0.585089081975269;0.0136959820589262
29/07/12;6; 22:00:00;14893200;7109513;7571010;212677;201;0.484281997310314;0.0142801412725271
29/07/12;6; 23:00:00;14893200;5796502;8880778;215920;201;0.394930259557629;0.0144978916552521
30/07/12;0; 00:00:00;14893200;4905792;9778286;209122;201;0.334089208733432;0.0140414417317971
30/07/12;0; 01:00:00;14896800;4408771;10277910;210119;201;0.300188381568307;0.0141049755652221
30/07/12;0; 02:00:00;14896800;4089338;10581000;226462;201;0.278748724126193;0.0152020568175716
30/07/12;0; 03:00:00;14896800;4019730;10650270;226800;201;0.274010224948875;0.0152247462542291
30/07/12;0; 04:00:00;14896800;3990466;10679534;226800;201;0.272015405589639;0.0152247462542291
30/07/12;0; 05:00:00;14896800;4221874;10438024;236902;201;0.287987951894345;0.015902878470544
30/07/12;0; 06:00:00;14896800;5019680;9580721;296399;201;0.343804255787221;0.0198968234788679
30/07/12;0; 07:00:00;14896800;5611833;8368622;916345;201;0.401405605182378;0.0615128752483755
30/07/12;0; 08:00:00;14896800;6369102;7619424;908274;201;0.455309015403052;0.0609710810375383
30/07/12;0; 09:00:00;14896800;7539314;7134736;222750;201;0.513785492076148;0.0149528757854036
30/07/12;0; 10:00:00;14896800;8714274;5968686;213840;201;0.593495725657497;0.0143547607539874
30/07/12;0; 11:00:00;14896800;9619751;5057449;219600;201;0.65542140190227;0.0147414209763171
30/07/12;0; 12:00:00;14900400;10189862;4490938;219600;201;0.694094463516975;0.0147378593863252
30/07/12;0; 13:00:00;14900400;10324664;4352649;223087;201;0.703443743415433;0.0149718799495316
30/07/12;0; 14:00:00;14900400;9906543;4776137;217720;201;0.674709453587492;0.0146116882768248
30/07/12;0; 15:00:00;14900400;9341188;4821144;738068;201;0.659579792367528;0.0495334353440176
30/07/12;0; 16:00:00;14900400;9053951;4367072;1479377;201;0.674609603157673;0.0992843816273389
30/07/12;0; 17:00:00;14900400;9460189;3962304;1477907;201;0.704801187082012;0.0991857265576763
30/07/12;0; 18:00:00;14900400;10471763;3457244;971393;201;0.751795372060621;0.0651924109419881
30/07/12;0; 19:00:00;14900400;11025623;3657554;217223;201;0.75090172923748;0.0145783334675579
30/07/12;0; 20:00:00;14900400;10833971;3843226;223203;201;0.738149866081378;0.0149796649754369
30/07/12;0; 21:00:00;14904000;9621313;5054479;228208;201;0.65559071701207;0.0153118625872249
30/07/12;0; 22:00:00;14907600;7797083;6880310;230207;201;0.531230784649563;0.0154422576403982
30/07/12;0; 23:00:00;14907600;6161561;8520955;225084;201;0.419652939591552;0.0150986074217178
31/07/12;1; 00:00:00;14907600;5044217;9640183;223200;201;0.343508553294653;0.0149722289302101
31/07/12;1; 01:00:00;14907600;4453568;10230832;223200;201;0.303285663697529;0.0149722289302101
31/07/12;1; 02:00:00;14907600;4063700;10617185;226715;201;0.276802113769027;0.0152080147039094
31/07/12;1; 03:00:00;14907600;3965915;10714885;226800;201;0.270142975859626;0.0152137164936006
31/07/12;1; 04:00:00;14907600;3984221;10696849;226530;201;0.271384919491563;0.0151956049263463
31/07/12;1; 05:00:00;14907600;4310439;10360183;236978;201;0.293814331798611;0.0158964554992085
31/07/12;1; 06:00:00;14907600;5058725;9559223;289652;201;0.346062593737507;0.0194298210308836
31/07/12;1; 07:00:00;14911200;5799601;8204399;907200;201;0.414138888888889;0.0608401738290681
31/07/12;1; 08:00:00;14911200;6686921;7320978;903301;201;0.477367876510246;0.0605786925264231
31/07/12;1; 09:00:00;14911200;7747026;6948449;215725;201;0.527170846808286;0.0144673131605773
31/07/12;1; 10:00:00;14918400;8877793;5822827;217780;201;0.603906025732248;0.0145980802230802
31/07/12;1; 11:00:00;14918400;9931145;4767046;220209;201;0.675671244168755;0.0147608992921493
31/07/12;1; 12:00:00;14918400;10635728;4060831;221841;201;0.72368831370663;0.0148702944015444
31/07/12;1; 13:00:00;14922000;10609829;4087245;224926;201;0.721900767458883;0.0150734485993835
31/07/12;1; 14:00:00;14922000;10325181;4373619;223200;201;0.702450608212915;0.0149577804583836
31/07/12;1; 15:00:00;14922000;9744164;4434053;743783;201;0.687263003521529;0.0498447259080552
31/07/12;1; 16:00:00;14925600;9324784;4118727;1482089;201;0.693627133566521;0.0992984536635043
31/07/12;1; 17:00:00;14929200;9781212;3664788;1483200;201;0.727443998215083;0.0993489269351338
31/07/12;1; 18:00:00;14932800;10963844;2989569;979387;201;0.785746397673458;0.0655862932604736
31/07/12;1; 19:00:00;14936400;11688508;3033336;214556;201;0.793956789652166;0.014364639404408
31/07/12;1; 20:00:00;14936400;11420511;3297426;218463;201;0.775958682252818;0.0146262151522455
31/07/12;1; 21:00:00;14940000;10176296;4543489;220215;201;0.691334554139208;0.0147399598393574
31/07/12;1; 22:00:00;14943600;7648381;7072837;222382;201;0.519548110760944;0.0148814208089082
31/07/12;1; 23:00:00;14947200;5943590;8777514;226096;201;0.403746213599197;0.0151263112823806
01/08/12;2; 00:00:00;14860800;4950152;9734974;175674;201;0.337086110122583;0.0118213016795866
01/08/12;2; 01:00:00;14860800;4379428;10308572;172800;201;0.298163671023965;0.0116279069767442
01/08/12;2; 02:00:00;14860800;3990838;10697162;172800;201;0.271707380174292;0.0116279069767442
01/08/12;2; 03:00:00;14860800;3858680;10826596;175524;201;0.2627584255141;0.0118112080103359
01/08/12;2; 04:00:00;14860800;3849610;10837787;173403;201;0.262102944449585;0.0116684835271318
01/08/12;2; 05:00:00;14860800;4091939;10581661;187200;201;0.278864014284157;0.0125968992248062
01/08/12;2; 06:00:00;14860800;4940612;9676347;243841;201;0.3380054633799;0.0164083360249785
01/08/12;2; 07:00:00;14860800;5689595;8309570;861635;201;0.406423883138744;0.0579803913652024
01/08/12;2; 08:00:00;14860800;6596690;7409072;855038;201;0.470998293416667;0.057536471791559
01/08/12;2; 09:00:00;14860800;7885616;6813597;161587;201;0.53646518354418;0.0108733715546942
01/08/12;2; 10:00:00;14860800;9147231;5557005;156564;201;0.622081351251435;0.0105353682170543
01/08/12;2; 11:00:00;14860800;10033109;4669291;158400;201;0.682413007400152;0.0106589147286822
01/08/12;2; 12:00:00;14860800;10699550;4002850;158400;201;0.727741729241484;0.0106589147286822
01/08/12;2; 13:00:00;14860800;10710941;3988140;161719;201;0.728680997131725;0.0108822539836348
01/08/12;2; 14:00:00;14864400;10364972;4334968;164460;201;0.705103014025908;0.011064018729313
01/08/12;2; 15:00:00;14864400;9795696;4388144;680560;201;0.690623695698767;0.0457845590807567
01/08/12;2; 16:00:00;14864400;9436612;4012988;1414800;201;0.70162770640019;0.0951804310971179
01/08/12;2; 17:00:00;14864400;9771244;3675518;1417638;201;0.726661481775315;0.0953713570678938
01/08/12;2; 18:00:00;14864400;11124283;2832235;907882;201;0.797067219775018;0.0610776082452033
01/08/12;2; 19:00:00;14864400;11721707;2991493;151200;201;0.796679648207052;0.0101719544683943
01/08/12;2; 20:00:00;14864400;11439210;3270214;154976;201;0.777678990013477;0.0104259842307796
01/08/12;2; 21:00:00;14864400;10275898;4434298;154204;201;0.69855615791931;0.0103740480611394
01/08/12;2; 22:00:00;14864400;8362161;6350612;151627;201;0.568360634667578;0.0102006808212911
01/08/12;2; 23:00:00;14864400;6439819;8269781;154800;201;0.437797016914124;0.0104141438604989
02/08/12;3; 00:00:00;14864400;5345735;9362800;155865;201;0.363444421895179;0.0104857915556632
02/08/12;3; 01:00:00;14864400;4616845;10092755;154800;201;0.313866114646217;0.0104141438604989
02/08/12;3; 02:00:00;14864400;4109056;10600544;154800;201;0.279345189536085;0.0104141438604989
02/08/12;3; 03:00:00;14864400;4030415;10676306;157679;201;0.274052591328822;0.0106078280993515
02/08/12;3; 04:00:00;14864400;4035442;10666958;162000;201;0.274475051692241;0.0108985226447082
02/08/12;3; 05:00:00;14864400;4288128;10399872;176400;201;0.291947712418301;0.0118672802131267
02/08/12;3; 06:00:00;14864400;5061264;9569136;234000;201;0.345941601049869;0.0157423104868007
02/08/12;3; 07:00:00;14864400;5745127;8262473;856800;201;0.4101435649219;0.0576410753209009
02/08/12;3; 08:00:00;14864400;6849501;7162666;852233;201;0.488825247372516;0.0573338311670838
02/08/12;3; 09:00:00;14868000;8190849;6516185;160966;201;0.5569341173754;0.0108263384449825
02/08/12;3; 10:00:00;14868000;9282217;5428122;157661;201;0.630999530330334;0.0106040489642185
02/08/12;3; 11:00:00;14868000;10148489;4557135;162376;201;0.690109375841515;0.0109211729889696
02/08/12;3; 12:00:00;14868000;10841723;3860706;165571;201;0.737410328592643;0.0111360640301318
02/08/12;3; 13:00:00;14868000;10944943;3753213;169844;201;0.744647355763539;0.011423459779392
02/08/12;3; 14:00:00;14868000;10757879;3937787;172334;201;0.73204433198196;0.0115909335485607
02/08/12;3; 15:00:00;14868000;9942110;4233925;691965;201;0.701332213132939;0.0465405569007264
02/08/12;3; 16:00:00;14868000;9179926;4258874;1429200;201;0.683091198618924;0.0961259079903148
02/08/12;3; 17:00:00;14868000;9502460;3934056;1431484;201;0.707211601578862;0.0962795264998655
02/08/12;3; 18:00:00;14868000;10853552;3090999;923449;201;0.778336426895351;0.0621098331988163
02/08/12;3; 19:00:00;14868000;11632859;3075566;159575;201;0.790897665793584;0.0107327818132903
02/08/12;3; 20:00:00;14868000;11411160;3297128;159712;201;0.775831966303624;0.0107419962335217
02/08/12;3; 21:00:00;14868000;10477370;4219154;171476;201;0.712914836188476;0.0115332257196664
02/08/12;3; 22:00:00;14868000;8550647;6141652;175701;201;0.581981553737778;0.0118173930589185
02/08/12;3; 23:00:00;14868000;6774005;7919530;174465;201;0.461019421126366;0.0117342615012107
03/08/12;4; 00:00:00;14868000;5459491;9233448;175061;201;0.37157242672824;0.0117743475921442
03/08/12;4; 01:00:00;14868000;4465167;10226433;176400;201;0.303926529445397;0.011864406779661
03/08/12;4; 02:00:00;14868000;3939475;10752125;176400;201;0.268144722154156;0.011864406779661
03/08/12;4; 03:00:00;14868000;3831624;10859976;176400;201;0.260803724577309;0.011864406779661
03/08/12;4; 04:00:00;14868000;3881182;10812330;174488;201;0.264142568502343;0.0117358084476729
03/08/12;4; 05:00:00;14868000;4100264;10581120;186616;201;0.27928320654238;0.0125515200430455
03/08/12;4; 06:00:00;14868000;4952455;9674345;241200;201;0.338587729373479;0.0162227602905569
03/08/12;4; 07:00:00;14868000;5614852;8388634;864514;201;0.400961017849413;0.0581459510357815
03/08/12;4; 08:00:00;14868000;6649841;7354549;863610;201;0.474839746679434;0.0580851493139629
03/08/12;4; 09:00:00;14868000;7987148;6714792;166060;201;0.543271704278483;0.011168953457089
03/08/12;4; 10:00:00;14868000;9151523;5554477;162000;201;0.622298585611315;0.0108958837772397
03/08/12;4; 11:00:00;14868000;10015895;4675751;176354;201;0.681740834212858;0.0118613128867366
03/08/12;4; 12:00:00;14868000;10582700;4099488;185812;201;0.720784940228255;0.0124974441754103
03/08/12;4; 13:00:00;14871600;10489351;4199473;182776;201;0.714104206027657;0.012290271389763
03/08/12;4; 14:00:00;14871600;9990897;4707346;173357;201;0.679734101552138;0.0116569165389064
03/08/12;4; 15:00:00;14871600;9392502;4784292;694806;201;0.662526520453073;0.0467203259904785
03/08/12;4; 16:00:00;14871600;9024172;4413498;1433930;201;0.671557792385138;0.0964206944780656
03/08/12;4; 17:00:00;14871600;9442721;3996079;1432800;201;0.702646144000952;0.0963447107237957
03/08/12;4; 18:00:00;14871600;10624692;3311913;934995;201;0.762358694961937;0.0628711772774954
03/08/12;4; 19:00:00;14871600;11611720;3079920;179960;201;0.790362410187018;0.0121009171844321
03/08/12;4; 20:00:00;14871600;11784577;2907023;180000;201;0.802130264913284;0.0121036068748487
03/08/12;4; 21:00:00;14871600;11340841;3349936;180823;201;0.771970127924479;0.0121589472551709
03/08/12;4; 22:00:00;14871600;10415850;4278490;177260;201;0.708834149747454;0.0119193630813093
03/08/12;4; 23:00:00;14871600;9287221;5401276;183103;201;0.632278510183853;0.012312259608919
04/08/12;5; 00:00:00;14871600;7917443;6775948;178209;201;0.53884382441058;0.011983175986444
04/08/12;5; 01:00:00;14871600;6524741;8166287;180572;201;0.444131002949555;0.0121420694478066
04/08/12;5; 02:00:00;14871600;4636099;10054084;181417;201;0.315591643752838;0.0121988891578579
04/08/12;5; 03:00:00;14871600;4027971;10657402;186227;201;0.274284555114807;0.0125223244304581
04/08/12;5; 04:00:00;14871600;3919506;10770306;181788;201;0.266817982422103;0.0122238360364722
04/08/12;5; 05:00:00;14871600;3896516;10792799;182285;201;0.265261926781473;0.0122572554398989
04/08/12;5; 06:00:00;14871600;4069175;10627771;174654;201;0.276872147451586;0.0117441297506657
04/08/12;5; 07:00:00;14871600;4612295;10079188;180117;201;0.31394345962215;0.0121114742193174
04/08/12;5; 08:00:00;14871600;5402539;9277348;191713;201;0.368023200723548;0.0128912154710993
04/08/12;5; 09:00:00;14871600;6231399;8461791;178410;201;0.42410116523369;0.0119966916807875
04/08/12;5; 10:00:00;14871600;7460397;7232929;178274;201;0.507740521104616;0.011987546733371
04/08/12;5; 11:00:00;14871600;8395144;6287271;189185;201;0.571782230648023;0.0127212270367681
04/08/12;5; 12:00:00;14871600;9065277;5622217;184106;201;0.617210601073267;0.0123797035961161
04/08/12;5; 13:00:00;14871600;9142816;5545184;183600;201;0.622468409586057;0.0123456790123457
04/08/12;5; 14:00:00;14871600;9119144;5564751;187705;201;0.621030319271556;0.0126217084913526
04/08/12;5; 15:00:00;14871600;8798894;5881003;191703;201;0.599383905759012;0.0128905430484951
04/08/12;5; 16:00:00;14871600;8812288;5870460;188852;201;0.60017974836863;0.0126988353640496
04/08/12;5; 17:00:00;14871600;9568107;5118173;185320;201;0.651499699038831;0.0124613357002609
04/08/12;5; 18:00:00;14871600;10495544;4195772;180284;201;0.714404618347328;0.0121227036768068
04/08/12;5; 19:00:00;14871600;11170477;3513923;187200;201;0.760703671923947;0.0125877511498427
04/08/12;5; 20:00:00;14871600;11377910;3307564;186126;201;0.774773085295034;0.0125155329621561
04/08/12;5; 21:00:00;14871600;11020459;3669166;181975;201;0.750220580852132;0.01223641033917
04/08/12;5; 22:00:00;14871600;10658481;4021235;191884;201;0.726068610591649;0.0129027138976304
04/08/12;5; 23:00:00;14871600;9689334;4998597;183669;201;0.659679978071792;0.0123503187283144
05/08/12;6; 00:00:00;14871600;8759289;5923367;188944;201;0.596573876007175;0.0127050216520079
05/08/12;6; 01:00:00;14871600;7276946;7400531;194123;201;0.495789978073207;0.0130532693187014
05/08/12;6; 02:00:00;14871600;5389380;9273698;208522;201;0.367547659502323;0.0140214906264289
05/08/12;6; 03:00:00;14871600;4669689;9999895;202016;201;0.31832456871306;0.0135840124801635
05/08/12;6; 04:00:00;14871600;4464340;10209260;198000;201;0.304242994220914;0.0133139675623336
05/08/12;6; 05:00:00;14871600;4447342;10219078;205180;201;0.303232963463476;0.0137967669921192
05/08/12;6; 06:00:00;14871600;4765551;9901386;204663;201;0.324917942989733;0.0137620027434842
05/08/12;6; 07:00:00;14871600;5278597;9391587;201416;201;0.359818049998555;0.013543667123914
05/08/12;6; 08:00:00;14871600;6291264;8381806;198530;201;0.428762624317883;0.013349605960354
05/08/12;6; 09:00:00;14871600;7791805;6883618;196177;201;0.530942447110383;0.0131913849215955
05/08/12;6; 10:00:00;14871600;9323105;5357695;190800;201;0.635054288594627;0.0128298232873396
05/08/12;6; 11:00:00;14871600;10252665;4423836;195099;201;0.698576929201313;0.0131188977648673
05/08/12;6; 12:00:00;14871600;10699617;3965803;206180;201;0.729581355324293;0.013864009252535
05/08/12;6; 13:00:00;14871600;10925369;3737252;208979;201;0.745117056493515;0.0140522203394389
05/08/12;6; 14:00:00;14871600;11129517;3534476;207607;201;0.758969061155444;0.0139599639581484
05/08/12;6; 15:00:00;14871600;11168259;3495741;207600;201;0.761610679214403;0.0139594932623255
05/08/12;6; 16:00:00;14871600;11207490;3459720;204390;201;0.764118738328557;0.0137436456063907
05/08/12;6; 17:00:00;14871600;10981535;3688466;201599;201;0.748570841951545;0.0135559724575701
05/08/12;6; 18:00:00;14871600;10799933;3882399;189268;201;0.735573408910792;0.0127268081443826
05/08/12;6; 19:00:00;14871600;10669924;4005729;195947;201;0.727049351739238;0.0131759192016999
05/08/12;6; 20:00:00;14871600;10083370;4586555;201675;201;0.687349798993519;0.0135610828693617
05/08/12;6; 21:00:00;14871600;8964868;5708577;198155;201;0.610958639910396;0.013324390112698
05/08/12;6; 22:00:00;14871600;7208356;7462498;200746;201;0.491338541028355;0.0134986148094354
05/08/12;6; 23:00:00;14871600;5570729;9089708;211163;201;0.379983829949953;0.0141990774361871
06/08/12;0; 00:00:00;14871600;4661690;9998758;211152;201;0.317977322384691;0.0141983377713225
06/08/12;0; 01:00:00;14871600;4280643;10382157;208800;201;0.291938988460594;0.0140401839748245
06/08/12;0; 02:00:00;14871600;3960079;10699397;212124;201;0.2701378275731;0.0142636972484467
06/08/12;0; 03:00:00;14871600;3865962;10793883;211755;201;0.263710973751769;0.0142388848543533
06/08/12;0; 04:00:00;14871600;3897245;10761955;212400;201;0.265856595175726;0.0142822561123215
06/08/12;0; 05:00:00;14871600;4161272;10481521;228807;201;0.284185674140173;0.0153854998789639
06/08/12;0; 06:00:00;14871600;4872795;9712310;286495;201;0.334093926646397;0.0192645713978321
06/08/12;0; 07:00:00;14871600;5638366;8330530;902704;201;0.403637195094015;0.0606998574464079
06/08/12;0; 08:00:00;14871600;6222194;7753504;895902;201;0.44521525865828;0.0602424755910595
06/08/12;0; 09:00:00;14871600;7469630;7200477;201493;201;0.509173518638957;0.0135488447779661
06/08/12;0; 10:00:00;14871600;8543356;6134794;193450;201;0.582045830026264;0.0130080152774416
06/08/12;0; 11:00:00;14871600;9538481;5126676;206443;201;0.650417925972426;0.0138816939670244
06/08/12;0; 12:00:00;14871600;10138003;4524930;208667;201;0.691403486601214;0.0140312407541892
06/08/12;0; 13:00:00;14871600;10176901;4489226;205473;201;0.693905146191629;0.013816468974421
06/08/12;0; 14:00:00;14871600;9877253;4794732;199615;201;0.673204954885109;0.0134225638129051
06/08/12;0; 15:00:00;14871600;9156966;4996038;718596;201;0.646998050731845;0.048320019365771
06/08/12;0; 16:00:00;14871600;8639972;4771944;1459684;201;0.644201171555205;0.0981524516528148
06/08/12;0; 17:00:00;14871600;8653005;4755015;1463580;201;0.645360388782236;0.0984144274993948
06/08/12;0; 18:00:00;14871600;9796519;4124648;950433;201;0.703713919960877;0.0639092632937949
06/08/12;0; 19:00:00;14871600;10271772;4404195;195633;201;0.699904272066025;0.0131548051319293
06/08/12;0; 20:00:00;14871600;9725735;4951995;193870;201;0.662618470294794;0.0130362570268162
06/08/12;0; 21:00:00;14871600;8371921;6308709;190970;201;0.570269872614459;0.0128412544716103
06/08/12;0; 22:00:00;14871600;6724672;7949458;197470;201;0.458267168138759;0.0132783291643132
06/08/12;0; 23:00:00;14871600;5454147;9215701;201752;201;0.371793013806278;0.0135662605234138
07/08/12;1; 00:00:00;14871600;4779458;9890542;201600;201;0.325798091342877;0.0135560396998306
07/08/12;1; 01:00:00;14871600;4350875;10317161;203564;201;0.296622874391636;0.0136881034992872
07/08/12;1; 02:00:00;14871600;4027519;10637412;206669;201;0.274636068863877;0.0138968907178784
07/08/12;1; 03:00:00;14871600;3962581;10702344;206675;201;0.270208064480384;0.0138972941714409
07/08/12;1; 04:00:00;14871600;3953825;10708975;208800;201;0.269650066835802;0.0140401839748245
07/08/12;1; 05:00:00;14871600;4231689;10416731;223180;201;0.288883647519664;0.0150071276796041
07/08/12;1; 06:00:00;14871600;5055763;9535923;279914;201;0.34648244212492;0.0188220500820356
07/08/12;1; 07:00:00;14871600;5763745;8209005;898850;201;0.412498971211823;0.0604407057747653
07/08/12;1; 08:00:00;14871600;6613234;7354801;903565;201;0.473454856033794;0.0607577530326259
07/08/12;1; 09:00:00;14871600;7851136;6815895;204569;201;0.535291430146974;0.0137556819710051
07/08/12;1; 10:00:00;14871600;8824884;5850165;196551;201;0.601352949485893;0.013216533526991
07/08/12;1; 11:00:00;14871600;9726955;4942433;202212;201;0.66307844608105;0.013597191963205
07/08/12;1; 12:00:00;14871600;10563442;4105317;202841;201;0.720131948449081;0.0136394873450066
07/08/12;1; 13:00:00;14871600;10653625;4013360;204615;201;0.726367757245269;0.0137587751149843
07/08/12;1; 14:00:00;14871600;10130606;4542762;198232;201;0.690407682816924;0.01332956776675
07/08/12;1; 15:00:00;14871600;9424915;4730104;716581;201;0.665835559810976;0.0481845262110331
07/08/12;1; 16:00:00;14871600;8938277;4478753;1454570;201;0.666188940473413;0.0978085747330482
07/08/12;1; 17:00:00;14871600;8898234;4515837;1457529;201;0.66335074564612;0.0980075445816187
07/08/12;1; 18:00:00;14871600;10204460;3720340;946800;201;0.732826324256004;0.0636649721617042
07/08/12;1; 19:00:00;14871600;11033334;3651066;187200;201;0.75136430497671;0.0125877511498427
07/08/12;1; 20:00:00;14871600;10844767;3835729;191104;201;0.738719386592933;0.012850264934506
07/08/12;1; 21:00:00;14871600;9479414;5198072;194114;201;0.645847252043027;0.0130526641383577
07/08/12;1; 22:00:00;14871600;7664631;7017046;189923;201;0.522054190403453;0.0127708518249549
07/08/12;1; 23:00:00;14871600;5972669;8710260;188671;201;0.406776399994851;0.0126866645149143
08/08/12;2; 00:00:00;14871600;4903154;9770899;197547;201;0.334137678254263;0.0132835068183652
08/08/12;2; 01:00:00;14871600;4392880;10280720;198000;201;0.299373023661542;0.0133139675623336
08/08/12;2; 02:00:00;14871600;3983211;10696416;191973;201;0.271342793655452;0.0129086984588074
08/08/12;2; 03:00:00;14871600;3944398;10736402;190800;201;0.268677320037055;0.0128298232873396
08/08/12;2; 04:00:00;14871600;3941628;10734296;195676;201;0.26857784218561;0.0131576965491272
08/08/12;2; 05:00:00;14871600;4199179;10460181;212240;201;0.286450363453793;0.0142714973506549
08/08/12;2; 06:00:00;14871600;5054037;9551163;266400;201;0.34604366937803;0.0179133381747761
08/08/12;2; 07:00:00;14871600;5944889;8040437;886274;201;0.425080473633578;0.0595950671077759
08/08/12;2; 08:00:00;14871600;6806979;7178109;886512;201;0.486731224000879;0.0596110707657549
08/08/12;2; 09:00:00;14871600;8070357;6610022;191221;201;0.549737646419074;0.0128581322789747
08/08/12;2; 10:00:00;14871600;9290962;5393438;187200;201;0.632709678298058;0.0125877511498427
08/08/12;2; 11:00:00;14871600;10185711;4491859;194030;201;0.693964396013782;0.0130470157884827
08/08/12;2; 12:00:00;14871600;10760095;3917341;194164;201;0.733104542237486;0.0130560262513785
08/08/12;2; 13:00:00;14871600;10732985;3945468;193147;201;0.731206824043378;0.0129876408725356
08/08/12;2; 14:00:00;14871600;10233434;4448070;190096;201;0.697028996484284;0.0127824847360069
08/08/12;2; 15:00:00;14871600;9618697;4542768;710135;201;0.679216239280329;0.0477510826003927
08/08/12;2; 16:00:00;14871600;8953626;4474374;1443600;201;0.666787756925827;0.0970709271362866
08/08/12;2; 17:00:00;14871600;9128786;4295701;1447113;201;0.680010044331675;0.0973071491971274
08/08/12;2; 18:00:00;14871600;10549024;3386576;936000;201;0.756983839949482;0.0629387557492133
08/08/12;2; 19:00:00;14871600;11429283;3263499;178818;201;0.777884201916288;0.0120241265230372
08/08/12;2; 20:00:00;14871600;11240108;3446889;184603;201;0.765310158366615;0.0124131229995428
08/08/12;2; 21:00:00;14871600;9954055;4728406;189139;201;0.67795548716254;0.0127181338927889
08/08/12;2; 22:00:00;14871600;8312423;6376702;182475;201;0.565889595193723;0.0122700314693779
08/08/12;2; 23:00:00;14871600;6899031;7790214;182355;201;0.469665459320748;0.012261962398128
09/08/12;3; 00:00:00;14871600;5895227;8780486;195887;201;0.401699529010958;0.0131718846660749
09/08/12;3; 01:00:00;14871600;5166433;9510767;194400;201;0.352003992587142;0.0130718954248366
09/08/12;3; 02:00:00;14871600;4444793;10232407;194400;201;0.302836576458725;0.0130718954248366
09/08/12;3; 03:00:00;14871600;4247353;10428370;195877;201;0.289413543714337;0.0131712122434708
09/08/12;3; 04:00:00;14871600;4280412;10393188;198000;201;0.291708374223095;0.0133139675623336
09/08/12;3; 05:00:00;14871600;4417590;10241998;212012;201;0.301344758120078;0.0142561661152801
09/08/12;3; 06:00:00;14871600;5193073;9415044;263483;201;0.355492292401546;0.0177171925011431
09/08/12;3; 07:00:00;14871600;5906515;8076141;888944;201;0.422417243190421;0.0597746039430862
09/08/12;3; 08:00:00;14871600;6824873;7161127;885600;201;0.487978907478907;0.0595497458242556
09/08/12;3; 09:00:00;14871600;7993397;6683803;194400;201;0.544613209604012;0.0130718954248366
09/08/12;3; 10:00:00;14871600;8929001;5751122;191477;201;0.608237478664177;0.0128753462976411
09/08/12;3; 11:00:00;14871600;9867234;4806366;198000;201;0.672448070003271;0.0133139675623336
09/08/12;3; 12:00:00;14871600;10670724;4002361;198515;201;0.727231117382609;0.0133485973264477
09/08/12;3; 13:00:00;14871600;10639371;4030945;201284;201;0.725231208380242;0.0135347911455391
09/08/12;3; 14:00:00;14871600;10317942;4356558;197100;201;0.703120515179393;0.0132534495279593
09/08/12;3; 15:00:00;14871600;9846888;4308312;716400;201;0.695637504238725;0.0481723553618978
09/08/12;3; 16:00:00;14871600;9246854;4170346;1454400;201;0.68917911337686;0.0977971435487775
09/08/12;3; 17:00:00;14871600;9530418;3887420;1453762;201;0.710279703779402;0.0977542429866322
09/08/12;3; 18:00:00;14871600;10834404;3086796;950400;201;0.778266528747522;0.0639070442992012
09/08/12;3; 19:00:00;14871600;11546726;3134074;190800;201;0.786518854558335;0.0128298232873396
09/08/12;3; 20:00:00;14871600;11183423;3497377;190800;201;0.76177204239551;0.0128298232873396
09/08/12;3; 21:00:00;14871600;10094705;4579639;197256;201;0.687915248545352;0.0132639393205842
09/08/12;3; 22:00:00;14871600;8567793;6110471;193336;201;0.583706152171674;0.0130003496597542
09/08/12;3; 23:00:00;14871600;6754567;7926233;190800;201;0.460095294534358;0.0128298232873396
10/08/12;4; 00:00:00;14871600;5622772;9056148;192680;201;0.383050796652615;0.0129562387369214
10/08/12;4; 01:00:00;14871600;4822178;9852936;196486;201;0.328595607502606;0.013212162780064
10/08/12;4; 02:00:00;14871600;4174003;10505324;192273;201;0.284345665165712;0.0129288711369321
10/08/12;4; 03:00:00;14871600;4022980;10657820;190800;201;0.274030025611683;0.0128298232873396
10/08/12;4; 04:00:00;14871600;4048103;10622778;200719;201;0.275927737400365;0.0134967992684042
10/08/12;4; 05:00:00;14871600;4209245;10444453;217902;201;0.287247969761626;0.0146522230291293
10/08/12;4; 06:00:00;14871600;5076114;9518286;277200;201;0.347812448610426;0.018639554587267
10/08/12;4; 07:00:00;14871600;5816314;8157372;897914;201;0.416233340294036;0.0603777670190161
10/08/12;4; 08:00:00;14871600;6816903;7159203;895494;201;0.487754099747097;0.0602150407488098
10/08/12;4; 09:00:00;14871600;8073705;6599895;198000;201;0.55021978246647;0.0133139675623336
10/08/12;4; 10:00:00;14871600;9018076;5659101;194423;201;0.614428510332743;0.0130734419968262
10/08/12;4; 11:00:00;14871600;9895814;4763266;212520;201;0.675063782993203;0.0142903251835714
10/08/12;4; 12:00:00;14871600;10643805;4020082;207713;201;0.725851542636683;0.0139670916377525
10/08/12;4; 13:00:00;14871600;10533713;4137367;200520;201;0.71799165432947;0.0134834180585815
10/08/12;4; 14:00:00;14871600;10042047;4621049;208504;201;0.684851752999503;0.0140202802657414
10/08/12;4; 15:00:00;14871600;9509945;4629345;732310;201;0.672589995678708;0.0492421797251136
10/08/12;4; 16:00:00;14871600;9259044;4150510;1462046;201;0.690481130095751;0.0983112778719169
10/08/12;4; 17:00:00;14871600;9856894;3556091;1458615;201;0.734876986740834;0.0980805696764302
10/08/12;4; 18:00:00;14871600;10977090;2932217;962293;201;0.789190288200555;0.0647067565023266
10/08/12;4; 19:00:00;14871600;11576520;3097080;198000;201;0.788935230618253;0.0133139675623336
10/08/12;4; 20:00:00;14871600;11713946;2958388;199266;201;0.798369639077191;0.01339909626402
10/08/12;4; 21:00:00;14871600;11360368;3303681;207551;201;0.774708813370714;0.0139561983915651
10/08/12;4; 22:00:00;14871600;10277169;4386564;207867;201;0.700856255361442;0.0139774469458565
10/08/12;4; 23:00:00;14871600;9068133;5601986;201481;201;0.618136294599928;0.0135480378708411
11/08/12;5; 00:00:00;14871600;7890359;6780332;200909;201;0.537831449111702;0.0135095752978832
11/08/12;5; 01:00:00;14871600;6421195;8235724;214681;201;0.438099917179047;0.01443563570833
11/08/12;5; 02:00:00;14871600;4810737;9852063;208800;201;0.328091292249775;0.0140401839748245
11/08/12;5; 03:00:00;14871600;4252058;10412002;207540;201;0.289964580068549;0.0139554587267006
11/08/12;5; 04:00:00;14871600;4037812;10622696;211092;201;0.275421015424568;0.0141943032356976
11/08/12;5; 05:00:00;14871600;4085474;10562926;223200;201;0.278902405723492;0.0150084725248124
11/08/12;5; 06:00:00;14871600;4287113;10361287;223200;201;0.292667663362552;0.0150084725248124
11/08/12;5; 07:00:00;14871600;4697585;9951517;222498;201;0.32067392253805;0.0149612684580005
11/08/12;5; 08:00:00;14871600;5516875;9136155;218570;201;0.376500628197717;0.0146971408590871
11/08/12;5; 09:00:00;14871600;6404655;8257746;209199;201;0.436808064381816;0.0140670136367304
11/08/12;5; 10:00:00;14871600;7623136;7050920;197544;201;0.519497540420999;0.013283305091584
11/08/12;5; 11:00:00;14871600;9068266;5599353;203981;201;0.618250719493055;0.0137161435218806
11/08/12;5; 12:00:00;14871600;9935519;4731402;204679;201;0.677410003094719;0.0137630786196509
11/08/12;5; 13:00:00;14871600;10255692;4414308;201600;201;0.699092842535787;0.0135560396998306
11/08/12;5; 14:00:00;14871600;10269143;4400857;201600;201;0.700009747784594;0.0135560396998306
11/08/12;5; 15:00:00;14871600;10038362;4623889;209349;201;0.684639896015966;0.0140770999757928
11/08/12;5; 16:00:00;14871600;9519907;5136664;215029;201;0.64953166740024;0.0144590360149547
11/08/12;5; 17:00:00;14871600;9619324;5043476;208800;201;0.656035954933573;0.0140401839748245
11/08/12;5; 18:00:00;14871600;10325643;4342438;203519;201;0.703953230146466;0.0136850775975685
11/08/12;5; 19:00:00;14871600;10900268;3768391;202941;201;0.74309914764533;0.0136462115710482
11/08/12;5; 20:00:00;14871600;11102954;3565935;202711;201;0.756904902613961;0.0136307458511525
11/08/12;5; 21:00:00;14871600;10834364;3836890;200346;201;0.738475661317022;0.0134717179052691
11/08/12;5; 22:00:00;14871600;10461363;4207799;202438;201;0.713153416670973;0.013612388714059
11/08/12;5; 23:00:00;14871600;9969263;4694558;207779;201;0.679854384474551;0.0139715296269399
12/08/12;6; 00:00:00;14871600;9322775;5345010;203815;201;0.635595285859453;0.0137049813066516
12/08/12;6; 01:00:00;14871600;7906901;6762140;202559;201;0.539019626436384;0.0136205250275693
12/08/12;6; 02:00:00;14871600;5673564;8992836;205200;201;0.386840942562592;0.0137981118373275
12/08/12;6; 03:00:00;14871600;4894259;9769034;208307;201;0.333776253396832;0.0140070335404395
12/08/12;6; 04:00:00;14871600;4601348;10061452;208800;201;0.313811004719426;0.0140401839748245
12/08/12;6; 05:00:00;14871600;4660611;10002189;208800;201;0.317852729355921;0.0140401839748245
12/08/12;6; 06:00:00;14871600;5028468;9637471;205661;201;0.3428671017928;0.0138291105193792
12/08/12;6; 07:00:00;14871600;5605395;9063009;203196;201;0.382140756417672;0.0136633583474542
12/08/12;6; 08:00:00;14871600;6845506;7824494;201600;201;0.466632992501704;0.0135560396998306
12/08/12;6; 09:00:00;14871600;8748665;5919019;203916;201;0.596458513832177;0.0137117727749536
12/08/12;6; 10:00:00;14871600;10748383;3916685;206532;201;0.732924184190622;0.0138876785282014
12/08/12;6; 11:00:00;14871600;11956529;2701781;213290;201;0.815682640086067;0.0143421017240916
12/08/12;6; 12:00:00;14871600;12217588;2438012;216000;201;0.833646387728923;0.0145243282498184
12/08/12;6; 13:00:00;14871600;12317874;2337726;216000;201;0.840489232784738;0.0145243282498184
12/08/12;6; 14:00:00;14871600;12369934;2285666;216000;201;0.844041458555092;0.0145243282498184
12/08/12;6; 15:00:00;14871600;12239433;2419097;213070;201;0.834970014046429;0.0143273084268001
12/08/12;6; 16:00:00;14871600;11844554;2817684;209362;201;0.807827154353926;0.0140779741251782
12/08/12;6; 17:00:00;14871600;10916156;3748244;207200;201;0.74439840702654;0.0139325963581592
12/08/12;6; 18:00:00;14871600;10740027;3929152;202421;201;0.732149154359627;0.0136112455956319
12/08/12;6; 19:00:00;14871600;10720492;3953108;198000;201;0.730597263111983;0.0133139675623336
12/08/12;6; 20:00:00;14871600;10206211;4469650;195739;201;0.695442059583421;0.0131619328115334
12/08/12;6; 21:00:00;14871600;9040809;5631756;199035;201;0.616170996686673;0.013383563301864
12/08/12;6; 22:00:00;14871600;7624387;7045613;201600;201;0.519726448534424;0.0135560396998306
12/08/12;6; 23:00:00;14871600;6034687;8636935;199978;201;0.411316962773441;0.0134469727534361
13/08/12;0; 00:00:00;14871600;5208669;9462228;200703;201;0.355034119590643;0.0134957233922376
13/08/12;0; 01:00:00;14871600;4635119;10032767;203714;201;0.316004569438295;0.0136981898383496
13/08/12;0; 02:00:00;14871600;4239596;10426804;205200;201;0.289068619429444;0.0137981118373275
13/08/12;0; 03:00:00;14871600;4129021;10537379;205200;201;0.281529277805051;0.0137981118373275
13/08/12;0; 04:00:00;14871600;4142834;10523566;205200;201;0.282471090383462;0.0137981118373275
13/08/12;0; 05:00:00;14871600;4361097;10291987;218516;201;0.29762314881973;0.0146935097770247
13/08/12;0; 06:00:00;14871600;5109383;9488617;273600;201;0.350005685710371;0.01839748244977
13/08/12;0; 07:00:00;14871600;5765746;8209454;896400;201;0.412569837998741;0.0602759622367465
13/08/12;0; 08:00:00;14871600;6470020;7505384;896196;201;0.462957636144186;0.0602622448156217
13/08/12;0; 09:00:00;14871600;7506840;7162379;202381;201;0.511740945445017;0.0136085559052153
13/08/12;0; 10:00:00;14871600;8744613;5932392;194595;201;0.595803639775281;0.0130850076656177
13/08/12;0; 11:00:00;14871600;9635993;5034007;201600;201;0.65685023858214;0.0135560396998306
13/08/12;0; 12:00:00;14871600;10135491;4536589;199520;201;0.690801236089225;0.0134161757981656
13/08/12;0; 13:00:00;14871600;10192143;4481223;198234;201;0.694601565857486;0.0133297022512709
13/08/12;0; 14:00:00;14871600;9939147;4736376;196077;201;0.677260156247924;0.0131846606955539
13/08/12;0; 15:00:00;14871600;9367950;4787209;716441;201;0.661804646630956;0.0481751122945749
13/08/12;0; 16:00:00;14871600;9151288;4266167;1454145;201;0.682043502288623;0.0977799967723715
13/08/12;0; 17:00:00;14871600;9565573;3853954;1452073;201;0.712809996954438;0.0976406708087899
13/08/12;0; 18:00:00;14871600;10590326;3334474;946800;201;0.760537027461795;0.0636649721617042
13/08/12;0; 19:00:00;14871600;11097483;3582128;191989;201;0.755979364848292;0.012909774334974
13/08/12;0; 20:00:00;14871600;10716157;3961823;193620;201;0.73008390800369;0.0130194464617123
13/08/12;0; 21:00:00;14871600;9285675;5395125;190800;201;0.632504700016348;0.0128298232873396
13/08/12;0; 22:00:00;14871600;7303424;7377302;190874;201;0.497483843782658;0.0128347992146104
13/08/12;0; 23:00:00;14871600;5727135;8941991;202474;201;0.390421010767785;0.013614809435434
14/08/12;1; 00:00:00;14871600;4958243;9711757;201600;201;0.337985207907294;0.0135560396998306
14/08/12;1; 01:00:00;14871600;4530044;10139956;201600;201;0.308796455351057;0.0135560396998306
14/08/12;1; 02:00:00;14871600;4102128;10566061;203411;201;0.27966151786018;0.0136778154334436
14/08/12;1; 03:00:00;14871600;4015587;10650813;205200;201;0.273795000818197;0.0137981118373275
14/08/12;1; 04:00:00;14871600;4048047;10618808;204745;201;0.275999660458905;0.0137675166088383
14/08/12;1; 05:00:00;14871600;4322537;10335069;213994;201;0.294900613374381;0.0143894402754243
14/08/12;1; 06:00:00;14871600;5123305;9475360;272935;201;0.350943391056648;0.0183527663465935
14/08/12;1; 07:00:00;14871600;5805851;8170977;894772;201;0.41539117459269;0.0601664918367896
14/08/12;1; 08:00:00;14871600;6536068;7441059;894473;201;0.467626000679539;0.0601463864009253
14/08/12;1; 09:00:00;14871600;7515992;7152119;203489;201;0.512403539896855;0.013683060329756
14/08/12;1; 10:00:00;14871600;8711063;5960205;200332;201;0.593749838118968;0.0134707765136233
14/08/12;1; 11:00:00;14871600;9874843;4795157;201600;201;0.673131765507839;0.0135560396998306
14/08/12;1; 12:00:00;14871600;10476756;4193173;201671;201;0.714165419614505;0.0135608139003201
14/08/12;1; 13:00:00;14871600;10567223;4092244;212133;201;0.720846330906847;0.0142643024287904
14/08/12;1; 14:00:00;14871600;10243967;4415530;212103;201;0.698793894497199;0.014262285160978
14/08/12;1; 15:00:00;14871600;9653668;4489068;728864;201;0.682588432676676;0.0490104628957207
14/08/12;1; 16:00:00;14871600;9385760;4019247;1466593;201;0.700168228185185;0.0986170284300277
14/08/12;1; 17:00:00;14871600;9765100;3639076;1467424;201;0.728511771256958;0.0986729067484333
14/08/12;1; 18:00:00;14871600;11005454;2915024;951122;201;0.790594547112535;0.0639555932112214
14/08/12;1; 19:00:00;14871600;11501385;3179141;191074;201;0.783445020975406;0.0128482476666936
14/08/12;1; 20:00:00;14871600;11103544;3564054;204002;201;0.757011747935824;0.0137175556093494
14/08/12;1; 21:00:00;14871600;9936292;4734862;200446;201;0.677267241554414;0.0134784421313107
14/08/12;1; 22:00:00;14871600;7789206;6886695;195699;201;0.530748061056013;0.0131592431211168
14/08/12;1; 23:00:00;14871600;5966546;8706249;198805;201;0.406640043699922;0.0133680975819683
15/08/12;2; 00:00:00;14871600;5000225;9668022;203353;201;0.340887701168381;0.0136739153823395
15/08/12;2; 01:00:00;14871600;4493075;10176925;201600;201;0.306276414451261;0.0135560396998306
15/08/12;2; 02:00:00;14871600;4068964;10598672;203964;201;0.277411029289246;0.0137150004034536
15/08/12;2; 03:00:00;14871600;3971649;10691488;208463;201;0.27085943478534;0.0140175233330644
15/08/12;2; 04:00:00;14871600;3955160;10707640;208800;201;0.269741113566304;0.0140401839748245
15/08/12;2; 05:00:00;14871600;4211836;10437502;222262;201;0.287510329818317;0.0149453992845423
15/08/12;2; 06:00:00;14871600;5050626;9537903;283071;201;0.346205295955473;0.0190343338981683
15/08/12;2; 07:00:00;14871600;5869010;8095805;906785;201;0.420271231663291;0.0609742731111649
15/08/12;2; 08:00:00;14871600;6946852;7024879;899869;201;0.497207683142482;0.060509225638129
15/08/12;2; 09:00:00;14871600;8253884;6415357;202359;201;0.562666057500862;0.0136070765754862
15/08/12;2; 10:00:00;14871600;9598159;5063069;210372;201;0.654662692647574;0.0141458888081982
15/08/12;2; 11:00:00;14871600;10518151;4140071;213378;201;0.717559810459959;0.0143480190430081
15/08/12;2; 12:00:00;14871600;11209471;3460569;201560;201;0.764106369171454;0.0135533500094139
15/08/12;2; 13:00:00;14871600;11246486;3421524;203590;201;0.766735637622281;0.013689851798058
15/08/12;2; 14:00:00;14871600;10910982;3750365;210253;201;0.744200515818908;0.0141378869792087
15/08/12;2; 15:00:00;14871600;10200526;3942465;728609;201;0.72124248682616;0.0489933161193147
15/08/12;2; 16:00:00;14871600;9298800;4114800;1458000;201;0.693236714975845;0.0980392156862745
15/08/12;2; 17:00:00;14871600;9198369;4208451;1464780;201;0.686096255487879;0.0984951182118938
15/08/12;2; 18:00:00;14871600;10396304;3520227;955069;201;0.747047090974037;0.0642209984130827
15/08/12;2; 19:00:00;14871600;11096626;3576974;198000;201;0.75623064551303;0.0133139675623336
15/08/12;2; 20:00:00;14871600;10820990;3851079;199531;201;0.737523112793431;0.0134169154630302
15/08/12;2; 21:00:00;14871600;9725624;4944376;201600;201;0.662960054533061;0.0135560396998306
15/08/12;2; 22:00:00;14871600;8059979;6612330;199291;201;0.549332691943715;0.0134007773205304
15/08/12;2; 23:00:00;14871600;6467211;8206389;198000;201;0.440737855740922;0.0133139675623336
16/08/12;3; 00:00:00;14871600;5496287;9170914;204399;201;0.374733188697694;0.0137442507867344
16/08/12;3; 01:00:00;14871600;4727641;9932275;211684;201;0.322487591334084;0.0142341106538637
16/08/12;3; 02:00:00;14871600;4138646;10524154;208800;201;0.282254821725728;0.0140401839748245
16/08/12;3; 03:00:00;14871600;3975703;10687097;208800;201;0.27114214201926;0.0140401839748245
16/08/12;3; 04:00:00;14871600;4016568;10646232;208800;201;0.273929126769785;0.0140401839748245
16/08/12;3; 05:00:00;14871600;4238784;10409616;223200;201;0.289368395183092;0.0150084725248124
16/08/12;3; 06:00:00;14871600;4903124;9687676;280800;201;0.336042163555117;0.018881626724764
16/08/12;3; 07:00:00;14871600;5786591;8181564;903445;201;0.414270245426114;0.060749683961376
16/08/12;3; 08:00:00;14871600;6817028;7154510;900062;201;0.487922517907477;0.0605222033943893
16/08/12;3; 09:00:00;14871600;7944505;6715724;211371;201;0.54190865640639;0.0142130638263536
16/08/12;3; 10:00:00;14871600;9115588;5547291;208721;201;0.621677911957127;0.0140348718362516
16/08/12;3; 11:00:00;14871600;10184075;4470571;216954;201;0.694938315125456;0.0145884773662551
16/08/12;3; 12:00:00;14871600;10772429;3880934;218237;201;0.73515062719732;0.0146747491863686
16/08/12;3; 13:00:00;14871600;10792780;3859971;218849;201;0.736570218111261;0.0147159014497431
16/08/12;3; 14:00:00;14871600;10318787;4333610;219203;201;0.704238835461529;0.0147397052099303
16/08/12;3; 15:00:00;14871600;9619801;4512020;739779;201;0.680719137328445;0.0497444121681594
16/08/12;3; 16:00:00;14871600;9135742;4262371;1473487;201;0.681867812280729;0.0990805965733344
16/08/12;3; 17:00:00;14871600;9452357;3946794;1472449;201;0.705444471817655;0.0990107991070228
16/08/12;3; 18:00:00;14871600;10893076;3012842;965682;201;0.783341020707874;0.0649346405228758
16/08/12;3; 19:00:00;14871600;11368488;3297130;205982;201;0.775179607160094;0.0138506952849727
16/08/12;3; 20:00:00;14871600;10956642;3704985;209973;201;0.747300555388566;0.0141190591462923
16/08/12;3; 21:00:00;14871600;9830471;4828650;212479;201;0.670604397084928;0.0142875682508943
16/08/12;3; 22:00:00;14871600;8280398;6382402;208800;201;0.564721472024443;0.0140401839748245
16/08/12;3; 23:00:00;14871600;6629633;8029799;212168;201;0.452243511208347;0.014266655907905
17/08/12;4; 00:00:00;14871600;5521753;9137403;212444;201;0.37667605147254;0.0142852147717798
17/08/12;4; 01:00:00;14871600;4692556;9963044;216000;201;0.320188596850351;0.0145243282498184
17/08/12;4; 02:00:00;14871600;4109435;10546165;216000;201;0.280400324790524;0.0145243282498184
17/08/12;4; 03:00:00;14871600;4013677;10639048;218875;201;0.273920175257503;0.0147176497485139
17/08/12;4; 04:00:00;14871600;4013247;10642353;216000;201;0.273837099811676;0.0145243282498184
17/08/12;4; 05:00:00;14871600;4284309;10356891;230400;201;0.292620072125236;0.0154926167998063
17/08/12;4; 06:00:00;14871600;5093485;9491878;286237;201;0.349218939562903;0.0192472228946448
17/08/12;4; 07:00:00;14871600;5816297;8146183;909120;201;0.416566183084953;0.0611312837892359
17/08/12;4; 08:00:00;14871600;6696471;7270198;904931;201;0.479460850686731;0.060849605960354
17/08/12;4; 09:00:00;14871600;7933650;6729675;208275;201;0.541053956043394;0.0140048817881062
17/08/12;4; 10:00:00;14871600;9165831;5502854;202915;201;0.624857033878633;0.0136444632722774
17/08/12;4; 11:00:00;14871600;10026691;4632183;212726;201;0.684001445131461;0.014304177089217
17/08/12;4; 12:00:00;14871600;10637477;4024062;210061;201;0.7255361800695;0.0141249764652089
17/08/12;4; 13:00:00;14871600;10685779;3977021;208800;201;0.728767970646807;0.0140401839748245
17/08/12;4; 14:00:00;14871600;10126307;4533746;211547;201;0.690741500047783;0.0142248984641868
17/08/12;4; 15:00:00;14871600;9451158;4681160;739282;201;0.66876205304749;0.0497109927647328
17/08/12;4; 16:00:00;14871600;9148333;4256625;1466642;201;0.682458908114445;0.0986203233007881
17/08/12;4; 17:00:00;14871600;9686335;3724158;1461107;201;0.722295220615678;0.0982481373893865
17/08/12;4; 18:00:00;14871600;10890701;3025234;955665;201;0.782606486736249;0.0642610748002905
17/08/12;4; 19:00:00;14871600;11698036;2974675;198889;201;0.797264799940515;0.0133737459318432
17/08/12;4; 20:00:00;14871600;11795673;2880556;195371;201;0.803726420458552;0.0131371876597004
17/08/12;4; 21:00:00;14871600;11566044;3107226;198330;201;0.788239022385603;0.0133361575082708
17/08/12;4; 22:00:00;14871600;10770159;3901653;199788;201;0.734071497099336;0.0134341967239571
17/08/12;4; 23:00:00;14871600;9635558;5033075;202967;201;0.656881796688212;0.013647959869819
18/08/12;5; 00:00:00;14871600;8140227;6526173;205200;201;0.555025568646703;0.0137981118373275
18/08/12;5; 01:00:00;14871600;6755065;7901660;214875;201;0.460885020357549;0.0144486807068506
18/08/12;5; 02:00:00;14871600;5033733;9621867;216000;201;0.343468230573979;0.0145243282498184
18/08/12;5; 03:00:00;14871600;4338017;10317583;216000;201;0.295997229727886;0.0145243282498184
18/08/12;5; 04:00:00;14871600;4121434;10534166;216000;201;0.281219056196949;0.0145243282498184
18/08/12;5; 05:00:00;14871600;4134267;10521333;216000;201;0.282094694178335;0.0145243282498184
18/08/12;5; 06:00:00;14871600;4338982;10316618;216000;201;0.29606307486558;0.0145243282498184
18/08/12;5; 07:00:00;14871600;4860091;9795619;215890;201;0.331617574310627;0.0145169316011727
18/08/12;5; 08:00:00;14871600;5643921;9015941;211738;201;0.384991413971018;0.0142377417359262
18/08/12;5; 09:00:00;14871600;6418173;8244203;209224;201;0.437730760689809;0.0140686946932408
18/08/12;5; 10:00:00;14871600;7540148;7122071;209381;201;0.514256948419608;0.0140792517281261
18/08/12;5; 11:00:00;14871600;8504272;6151393;215935;201;0.580271997210635;0.0145199575028914
18/08/12;5; 12:00:00;14871600;9162393;5492390;216817;201;0.625215194247503;0.0145792651765782
18/08/12;5; 13:00:00;14871600;9439640;5217245;214715;201;0.644041349850258;0.0144379219451841
18/08/12;5; 14:00:00;14871600;9389694;5268376;213530;201;0.640581877423153;0.0143582398665914
18/08/12;5; 15:00:00;14871600;9217132;5442466;212002;201;0.628743844135426;0.014255493692676
18/08/12;5; 16:00:00;14871600;9268792;5393773;209035;201;0.632139874571741;0.0140559859060222
18/08/12;5; 17:00:00;14871600;9743281;4914617;213702;201;0.664712020782243;0.0143698055353829
18/08/12;5; 18:00:00;14871600;10813481;3850227;207892;201;0.737431555511062;0.0139791280023669
18/08/12;5; 19:00:00;14871600;11445832;3216098;209670;201;0.780649750749049;0.0140986847413863
18/08/12;5; 20:00:00;14871600;11735299;2930964;205337;201;0.800156045203881;0.0138073240270045
18/08/12;5; 21:00:00;14871600;11616496;3047762;207342;201;0.79216391310082;0.0139421447591382
18/08/12;5; 22:00:00;14871600;11185723;3467515;218362;201;0.763361858996626;0.0146831544689206
18/08/12;5; 23:00:00;14871600;10402634;4249156;219810;201;0.70999065643174;0.0147805212620027
19/08/12;6; 00:00:00;14871600;9491659;5161833;218108;201;0.647740415731622;0.014666074934775
19/08/12;6; 01:00:00;14871600;8201140;6454098;216362;201;0.559604695604398;0.014548669948089
19/08/12;6; 02:00:00;14871600;5971507;8680229;219864;201;0.407563103785108;0.0147841523440652
19/08/12;6; 03:00:00;14871600;5270324;9381676;219600;201;0.359699972699973;0.0147664003873154
19/08/12;6; 04:00:00;14871600;4985798;9665255;220547;201;0.340303048524908;0.0148300788079292
19/08/12;6; 05:00:00;14871600;4938466;9703825;229309;201;0.337274132852571;0.0154192554936927
19/08/12;6; 06:00:00;14871600;5133409;9507791;230400;201;0.350613952408273;0.0154926167998063
19/08/12;6; 07:00:00;14871600;5670440;8975636;225524;201;0.387164452785852;0.0151647435380188
19/08/12;6; 08:00:00;14871600;6783095;7863216;225289;201;0.463126516977552;0.0151489416068211
19/08/12;6; 09:00:00;14871600;8347080;6296334;228186;201;0.570022810254494;0.0153437424352457
19/08/12;6; 10:00:00;14871600;9939876;4707117;224607;201;0.678629122032078;0.0151030823852175
19/08/12;6; 11:00:00;14871600;10905295;3736797;229508;201;0.744790771701202;0.0154326367035154
19/08/12;6; 12:00:00;14871600;11343585;3297372;230643;201;0.774784394216853;0.0155089566690874
19/08/12;6; 13:00:00;14871600;11599508;3043440;228652;201;0.792156606716079;0.0153750773285995
19/08/12;6; 14:00:00;14871600;11616418;3030960;224222;201;0.793071497164885;0.0150771941149574
19/08/12;6; 15:00:00;14871600;11496310;3151726;223564;201;0.784836274296431;0.0150329487076038
19/08/12;6; 16:00:00;14871600;11451326;3191822;228452;201;0.782026241898259;0.0153616288765163
19/08/12;6; 17:00:00;14871600;11151252;3497417;222931;201;0.761246772659004;0.0149903843567605
19/08/12;6; 18:00:00;14871600;11237036;3420783;213781;201;0.766624011389416;0.0143751176739557
19/08/12;6; 19:00:00;14871600;11230824;3422203;218573;201;0.766450781807745;0.0146973425858684
19/08/12;6; 20:00:00;14871600;10658608;3985873;227119;201;0.727824222654255;0.015271994943382
19/08/12;6; 21:00:00;14871600;9320867;5331622;219111;201;0.636128578564365;0.0147335189219721
19/08/12;6; 22:00:00;14871600;7517772;7137828;216000;201;0.512962417096536;0.0145243282498184
19/08/12;6; 23:00:00;14871600;6158517;8490807;222276;201;0.420395985507591;0.0149463406761882
20/08/12;0; 00:00:00;14871600;5299842;9348558;223200;201;0.361803473416892;0.0150084725248124
20/08/12;0; 01:00:00;14871600;4722868;9926063;222669;201;0.322403593818552;0.0149727668845316
20/08/12;0; 02:00:00;14871600;4256888;10396170;218542;201;0.29051191908201;0.0146952580757955
20/08/12;0; 03:00:00;14871600;4119079;10532999;219522;201;0.281125926302058;0.014761155491003
20/08/12;0; 04:00:00;14871600;4104125;10545135;222340;201;0.280159202580881;0.0149506441808548
20/08/12;0; 05:00:00;14871600;4316367;10321233;234000;201;0.294882152811936;0.0157346889373033
20/08/12;0; 06:00:00;14871600;5082617;9499505;289478;201;0.348551260234964;0.0194651550606525
20/08/12;0; 07:00:00;14871600;5534068;8426465;911067;201;0.396408074104334;0.0612622044702655
20/08/12;0; 08:00:00;14871600;6289592;7675511;906497;201;0.450379205939262;0.0609549073401651
20/08/12;0; 09:00:00;14871600;7740488;6913964;217148;201;0.528200440384942;0.0146015223647758
20/08/12;0; 10:00:00;14871600;8898643;5759999;212958;201;0.60705780248948;0.0143197772936335
20/08/12;0; 11:00:00;14871600;9578589;5077613;215398;201;0.653551922933377;0.0144838484090481
20/08/12;0; 12:00:00;14871600;10085059;4573767;212774;201;0.68798544985799;0.014307404717717
20/08/12;0; 13:00:00;14871600;10248186;4410881;212533;201;0.699102200706225;0.0142911993329568
20/08/12;0; 14:00:00;14871600;9822258;4831370;217972;201;0.670295301614044;0.0146569299873585
20/08/12;0; 15:00:00;14871600;9229355;4898861;743384;201;0.653256929254196;0.0499868205169585
20/08/12;0; 16:00:00;14871600;8699184;4691146;1481270;201;0.649661658823942;0.0996039430861508
20/08/12;0; 17:00:00;14871600;8938712;4453288;1479600;201;0.667466547192354;0.0994916485112564
20/08/12;0; 18:00:00;14871600;9875510;4021256;974834;201;0.710633682685597;0.0655500416902015
20/08/12;0; 19:00:00;14871600;10269839;4378621;223140;201;0.701086598864317;0.0150044379891874
20/08/12;0; 20:00:00;14871600;9722910;4912576;236114;201;0.664338034281882;0.0158768390758224
20/08/12;0; 21:00:00;14871600;8230913;6406743;233944;201;0.562310864526397;0.01573092337072
20/08/12;0; 22:00:00;14871600;6617749;8023393;230458;201;0.451996777300568;0.0154965168509105
20/08/12;0; 23:00:00;14871600;5343437;9277508;250655;201;0.365464544186439;0.0168546087845289
21/08/12;1; 00:00:00;14871600;4639416;9982100;250084;201;0.317300613698333;0.0168162134538315
21/08/12;1; 01:00:00;14871600;4277053;10341654;252893;201;0.292573960200447;0.0170050969633395
21/08/12;1; 02:00:00;14871600;4014511;10596158;260931;201;0.27476572085782;0.0175455902525619
21/08/12;1; 03:00:00;14871600;3916810;10693116;261674;201;0.268092391433057;0.0175955512520509
21/08/12;1; 04:00:00;14871600;3974041;10638359;259200;201;0.271963606252224;0.0174291938997821
21/08/12;1; 05:00:00;14871600;4220508;10372865;278227;201;0.289207162730645;0.0187086123887141
21/08/12;1; 06:00:00;14871600;5125343;9406458;339799;201;0.352698402627451;0.0228488528470373
21/08/12;1; 07:00:00;14871600;5703228;8213484;954888;201;0.40981145546448;0.0642088275639474
21/08/12;1; 08:00:00;14871600;6693270;7228878;949452;201;0.480764175183312;0.063843298636327
21/08/12;1; 09:00:00;14871600;8042699;6565920;262981;201;0.550544784554926;0.0176834368864144
21/08/12;1; 10:00:00;14871600;9265190;5348405;258005;201;0.63401168569404;0.0173488393985852
21/08/12;1; 11:00:00;14871600;10076392;4532408;262800;201;0.689748097037402;0.0176712660372791
21/08/12;1; 12:00:00;14871600;10684772;3924028;262800;201;0.731392859098626;0.0176712660372791
21/08/12;1; 13:00:00;14871600;10674906;3925574;271120;201;0.731133907926315;0.0182307216439388
21/08/12;1; 14:00:00;14871600;10305227;4296373;270000;201;0.705760122178391;0.0181554103122731
21/08/12;1; 15:00:00;14871600;9606003;4476785;788812;201;0.682109465824523;0.0530415019231286
21/08/12;1; 16:00:00;14871600;9110272;4241020;1520308;201;0.682351340978836;0.102228946448264
21/08/12;1; 17:00:00;14871600;9404089;3937655;1529856;201;0.704862048020109;0.102870975550714
21/08/12;1; 18:00:00;14871600;10539294;3315519;1016787;201;0.760695507041488;0.0683710562414266
21/08/12;1; 19:00:00;14871600;11088955;3525754;256891;201;0.758753048042216;0.017273931520482
21/08/12;1; 20:00:00;14871600;10699313;3904075;268212;201;0.732659640351951;0.0180351811506496
21/08/12;1; 21:00:00;14871600;9188663;5417422;265515;201;0.629098283352452;0.0178538287743081
21/08/12;1; 22:00:00;14871600;7459982;7150925;260693;201;0.510576242802723;0.017529586594583
21/08/12;1; 23:00:00;14871600;5929723;8679578;262299;201;0.405886838802212;0.0176375776648108
22/08/12;2; 00:00:00;14871600;4988555;9607674;275371;201;0.341770124324577;0.0185165684929665
22/08/12;2; 01:00:00;14871600;4391020;10199780;280800;201;0.300944430737177;0.018881626724764
22/08/12;2; 02:00:00;14871600;3990241;10600537;280822;201;0.273476918091688;0.0188831060544931
22/08/12;2; 03:00:00;14871600;3907592;10673587;290421;201;0.267988754544471;0.0195285645122246
22/08/12;2; 04:00:00;14871600;3935698;10644302;291600;201;0.269938134430727;0.0196078431372549
22/08/12;2; 05:00:00;14871600;4193856;10371744;306000;201;0.287928818586258;0.0205761316872428
22/08/12;2; 06:00:00;14871600;5037745;9476102;357753;201;0.347099221867228;0.024056120390543
22/08/12;2; 07:00:00;14875200;5668835;8227165;979200;201;0.407947251007484;0.0658276863504356
22/08/12;2; 08:00:00;14875200;6631195;7263326;980679;201;0.477252508380821;0.0659271135850274
22/08/12;2; 09:00:00;14875200;7966730;6620470;288000;201;0.54614525063069;0.0193610842207164
22/08/12;2; 10:00:00;14875200;9170119;5420361;284720;201;0.628500159007791;0.0191405829837582
22/08/12;2; 11:00:00;14875200;10070561;4508865;295774;201;0.690737824657843;0.0198836990427019
22/08/12;2; 12:00:00;14875200;10890952;3689688;294560;201;0.746946087414544;0.0198020866946327
22/08/12;2; 13:00:00;14875200;10813705;3773495;288000;201;0.741314645716793;0.0193610842207164
22/08/12;2; 14:00:00;14875200;10195769;4393007;286424;201;0.698877616600598;0.0192551360653974
22/08/12;2; 15:00:00;14875200;9574375;4492537;808288;201;0.680630901792803;0.0543379584812305
22/08/12;2; 16:00:00;14875200;9102290;4237654;1535256;201;0.682333449075948;0.103209099709584
22/08/12;2; 17:00:00;14875200;9357904;3978823;1538473;201;0.701664208917225;0.103425365709369
22/08/12;2; 18:00:00;14875200;10663900;3178100;1033200;201;0.770401676058373;0.0694578896418199
22/08/12;2; 19:00:00;14875200;11201129;3396871;277200;201;0.767305726811892;0.0186350435624395
22/08/12;2; 20:00:00;14875200;10955988;3638120;281092;201;0.750713095997371;0.0188966871033667
22/08/12;2; 21:00:00;14875200;9717139;4871843;286218;201;0.666060113035988;0.0192412875121007
22/08/12;2; 22:00:00;14875200;7849008;6741792;284400;201;0.537942264988897;0.0191190706679574
22/08/12;2; 23:00:00;14875200;6375696;8215104;284400;201;0.436966855826959;0.0191190706679574
23/08/12;3; 00:00:00;14875200;5455482;9128872;290846;201;0.374064014079746;0.0195524093793697
23/08/12;3; 01:00:00;14875200;4768337;9811802;295061;201;0.327043315567842;0.0198357669140583
23/08/12;3; 02:00:00;14875200;4205271;10378329;291600;201;0.288356167201514;0.0196030977734753
23/08/12;3; 03:00:00;14875200;4089035;10492827;293338;201;0.280419263328648;0.0197199365386684
23/08/12;3; 04:00:00;14875200;4128949;10447525;298726;201;0.283261164531285;0.0200821501559643
23/08/12;3; 05:00:00;14875200;4314215;10245985;315000;201;0.29630190519361;0.0211761858664085
23/08/12;3; 06:00:00;14875200;5009504;9490254;375442;201;0.345488800571706;0.0252394589652576
23/08/12;3; 07:00:00;14875200;5560893;8309978;1004329;201;0.400904384447091;0.06751700817468
23/08/12;3; 08:00:00;14875200;6486318;7387462;1001420;201;0.467523486749826;0.0673214477788534
23/08/12;3; 09:00:00;14875200;7958801;6610399;306000;201;0.54627577354968;0.0205711519845111
23/08/12;3; 10:00:00;14875200;9423308;5149431;302461;201;0.646639454669435;0.0203332392169517
23/08/12;3; 11:00:00;14875200;10349367;4216994;308839;201;0.710497769484087;0.0207620065612563
23/08/12;3; 12:00:00;14875200;10805540;3766112;303548;201;0.741545296305457;0.0204063138646875
23/08/12;3; 13:00:00;14875200;10917833;3652004;305363;201;0.749344896583263;0.0205283290308702
23/08/12;3; 14:00:00;14875200;10476147;4084214;314839;201;0.719497751463717;0.0211653624825212
23/08/12;3; 15:00:00;14875200;9863470;4179512;832218;201;0.702377173167351;0.0559466763472088
23/08/12;3; 16:00:00;14875200;9530650;3786422;1558128;201;0.715671583062703;0.104746692481446
23/08/12;3; 17:00:00;14875200;10113532;3200463;1561205;201;0.75961662896824;0.104953546843068
23/08/12;3; 18:00:00;14875200;11165624;2645245;1064331;201;0.808466433212856;0.071550701839303
23/08/12;3; 19:00:00;14875200;11714360;2851996;308844;201;0.804206625184775;0.0207623426911907
23/08/12;3; 20:00:00;14875200;11539709;3027560;307931;201;0.792166946323295;0.0207009653651716
23/08/12;3; 21:00:00;14875200;10525821;4034321;315058;201;0.722920216025366;0.0211800849736474
23/08/12;3; 22:00:00;14875200;8601414;5955051;318735;201;0.59089991972639;0.0214272749273959
23/08/12;3; 23:00:00;14875200;6699714;7865886;309600;201;0.459968281430219;0.0208131655372701
24/08/12;4; 00:00:00;14875200;5457079;9105479;312642;201;0.374733546125619;0.0210176669893514
24/08/12;4; 01:00:00;14875200;4581321;9970308;323571;201;0.314832174459643;0.0217523797999355
24/08/12;4; 02:00:00;14875200;3963294;10580706;331200;201;0.272503712871287;0.0222652468538238
24/08/12;4; 03:00:00;14875200;3786780;10760732;327688;201;0.260304304956064;0.0220291491879101
24/08/12;4; 04:00:00;14875200;3768333;10776289;330578;201;0.259087723283561;0.022223432289986
24/08/12;4; 05:00:00;14875200;4057597;10474866;342737;201;0.279209174659519;0.0230408330644294
24/08/12;4; 06:00:00;14875200;4777958;9708946;388296;201;0.329812222128344;0.0261035818005808
24/08/12;4; 07:00:00;14875200;5610104;8263914;1001182;201;0.404360438338771;0.0673054479939766
24/08/12;4; 08:00:00;14875200;6941958;6938705;994537;201;0.500117177399956;0.0668587313111756
24/08/12;4; 09:00:00;14875200;8318686;6241332;315182;201;0.571337617851846;0.0211884209960202
24/08/12;4; 10:00:00;14875200;9437578;5127035;310587;201;0.647980004686702;0.0208795175863182
24/08/12;4; 11:00:00;14875200;10209494;4342003;323703;201;0.701611250031526;0.0217612536302033
24/08/12;4; 12:00:00;14875200;10910174;3642504;322522;201;0.749702151040516;0.021681859739701
24/08/12;4; 13:00:00;14875200;10947275;3602709;325216;201;0.752390861735656;0.0218629665483489
24/08/12;4; 14:00:00;14875200;10442131;4108800;324269;201;0.717626315457066;0.0217993035387759
24/08/12;4; 15:00:00;14875200;9982103;4044961;848136;201;0.711631671460257;0.0570167796063246
24/08/12;4; 16:00:00;14875200;9901833;3399612;1573755;201;0.744417843324541;0.10579723297838
24/08/12;4; 17:00:00;14875200;10217270;3076747;1581183;201;0.768561526587487;0.106296587608906
24/08/12;4; 18:00:00;14875200;11066188;2725716;1083296;201;0.802368403956408;0.0728256426804346
24/08/12;4; 19:00:00;14875200;11674024;2875824;325352;201;0.802346801148713;0.0218721092825643
24/08/12;4; 20:00:00;14875200;11858193;2690386;326621;201;0.815075685398553;0.0219574190599118
24/08/12;4; 21:00:00;14875200;11490282;3047242;337676;201;0.790387826702814;0.0227006023448424
24/08/12;4; 22:00:00;14875200;10483530;4048761;342909;201;0.721395545960372;0.0230523959341723
24/08/12;4; 23:00:00;14875200;8928648;5612405;334147;201;0.614030359424452;0.0224633618371518
25/08/12;5; 00:00:00;14875200;7602059;6935377;337764;201;0.522929834394456;0.0227065182316876
25/08/12;5; 01:00:00;14875200;6325467;8202802;346931;201;0.43539027257824;0.0233227788533936
25/08/12;5; 02:00:00;14875200;4881589;9652216;341395;201;0.335878250740257;0.0229506157900398
25/08/12;5; 03:00:00;14875200;4296167;10240633;338400;201;0.295537325958946;0.0227492739593417
25/08/12;5; 04:00:00;14875200;4140831;10383118;351251;201;0.285103658791421;0.0236131951167043
25/08/12;5; 05:00:00;14875200;4165259;10353541;356400;201;0.286887277185442;0.0239593417231365
25/08/12;5; 06:00:00;14875200;4401309;10120969;352922;201;0.303072906330536;0.0237255297407766
25/08/12;5; 07:00:00;14875200;4810569;9719017;345614;201;0.331087823149262;0.0232342422286759
25/08/12;5; 08:00:00;14875200;5721408;8809065;344727;201;0.393752357545415;0.0231746127783156
25/08/12;5; 09:00:00;14875200;6729752;7804994;340454;201;0.463011324724904;0.0228873561363881
25/08/12;5; 10:00:00;14875200;8051664;6486676;336860;201;0.55382278857146;0.0226457459395504
25/08/12;5; 11:00:00;14875200;8929209;5602024;343967;201;0.614483918880112;0.0231235210282887
25/08/12;5; 12:00:00;14875200;9665904;4861281;348015;201;0.665366621269021;0.0233956518231688
25/08/12;5; 13:00:00;14875200;10032094;4495465;347641;201;0.690556066576635;0.0233705093040766
25/08/12;5; 14:00:00;14875200;10084602;4447624;342974;201;0.693947506734343;0.0230567656233194
25/08/12;5; 15:00:00;14875200;9749600;4778058;347542;201;0.671106106710387;0.0233638539313757
25/08/12;5; 16:00:00;14875200;9477547;5048848;348805;201;0.652436272041343;0.023448760352802
25/08/12;5; 17:00:00;14875200;9317025;5216503;341672;201;0.641071115010753;0.0229692373884049
25/08/12;5; 18:00:00;14875200;10207946;4329087;338167;201;0.702202849783721;0.0227336103043993
25/08/12;5; 19:00:00;14875200;10947781;3582845;344574;201;0.753428035378517;0.0231643272023233
25/08/12;5; 20:00:00;14875200;11545788;2983812;345600;201;0.794639081598943;0.0232333010648596
25/08/12;5; 21:00:00;14875200;11483650;3049151;342399;201;0.790188347036473;0.0230181106808648
25/08/12;5; 22:00:00;14875200;10880327;3652581;342292;201;0.748668263777628;0.0230109175002689
25/08/12;5; 23:00:00;14875200;10088545;4444596;342059;201;0.694175127042392;0.0229952538453264
26/08/12;6; 00:00:00;14875200;8891928;5648030;335242;201;0.611551147534264;0.0225369742927826
26/08/12;6; 01:00:00;14875200;7614652;6922428;338120;201;0.523808907978769;0.022730450683016
26/08/12;6; 02:00:00;14875200;5612230;8916568;346402;201;0.386283159831942;0.0232872163063354
26/08/12;6; 03:00:00;14875200;4816731;9712320;346149;201;0.331524130516164;0.0232702081316554
26/08/12;6; 04:00:00;14875200;4580512;9949088;345600;201;0.315253826671071;0.0232333010648596
26/08/12;6; 05:00:00;14875200;4626141;9900619;348440;201;0.318456489953713;0.0234242228675917
26/08/12;6; 06:00:00;14875200;4978559;9547441;349200;201;0.342734338427647;0.0234753146176186
26/08/12;6; 07:00:00;14875200;5757409;8770811;346980;201;0.396291424551666;0.0233260729267506
26/08/12;6; 08:00:00;14875200;6939926;7595127;340147;201;0.477461348094156;0.0228667177584167
26/08/12;6; 09:00:00;14875200;8526377;6006084;342739;201;0.586712532722434;0.0230409675164031
26/08/12;6; 10:00:00;14875200;9963530;4560776;350894;201;0.685990091368221;0.023589195439389
26/08/12;6; 11:00:00;14875200;10818410;3696790;360000;201;0.745315944664903;0.0242013552758954
26/08/12;6; 12:00:00;14875200;11285633;3226213;363354;201;0.777684176086213;0.0244268312358825
26/08/12;6; 13:00:00;14875200;11678434;2833166;363600;201;0.804765429036082;0.0244433688286544
26/08/12;6; 14:00:00;14875200;11713782;2795639;365779;201;0.807322497568993;0.0245898542540605
26/08/12;6; 15:00:00;14875200;11571080;2940520;363600;201;0.797367623142865;0.0244433688286544
26/08/12;6; 16:00:00;14875200;11666824;2846393;361983;201;0.803875805067891;0.0243346644078735
26/08/12;6; 17:00:00;14875200;11508439;3015326;351435;201;0.792386753710212;0.0236255646982898
26/08/12;6; 18:00:00;14875200;11367555;3162251;345394;201;0.782361099659555;0.0232194525115629
26/08/12;6; 19:00:00;14875200;10952356;3574396;348448;201;0.753943896061556;0.0234247606754867
26/08/12;6; 20:00:00;14875200;9656993;4875805;342402;201;0.664496472048947;0.0230183123588254
26/08/12;6; 21:00:00;14875200;8306560;6227700;340940;201;0.571515852888279;0.0229200279660105
26/08/12;6; 22:00:00;14875200;6583412;7944596;347192;201;0.453153109497186;0.0233403248359686
26/08/12;6; 23:00:00;14875200;5393387;9137345;344468;201;0.371171046303793;0.0231572012477143
27/08/12;0; 00:00:00;14875200;4776937;9756263;342000;201;0.328691341204965;0.0229912875121007
27/08/12;0; 01:00:00;14875200;4394869;10137075;343256;201;0.302428154140974;0.0230757233516188
27/08/12;0; 02:00:00;14875200;4087909;10438255;349036;201;0.281416965965688;0.0234642895557707
27/08/12;0; 03:00:00;14875200;4024226;10501774;349200;201;0.277036073247969;0.0234753146176186
27/08/12;0; 04:00:00;14875200;4064674;10461326;349200;201;0.279820597549222;0.0234753146176186
27/08/12;0; 05:00:00;14875200;4358541;10155438;361221;201;0.300299525030317;0.0242834382058729
27/08/12;0; 06:00:00;14875200;5092586;9365014;417600;201;0.352242834218681;0.0280735721200387
27/08/12;0; 07:00:00;14875200;5723285;8111515;1040400;201;0.413687584930754;0.0699419167473379
27/08/12;0; 08:00:00;14875200;6403849;7436254;1035097;201;0.462702409078892;0.0695854173389265
27/08/12;0; 09:00:00;14875200;7339380;7184198;351622;201;0.505342416310912;0.0236381359578359
27/08/12;0; 10:00:00;14875200;8587437;5938563;349200;201;0.591176992978108;0.0234753146176186
27/08/12;0; 11:00:00;14875200;9480295;5038505;356400;201;0.652966842989779;0.0239593417231365
27/08/12;0; 12:00:00;14875200;10088282;4440136;346782;201;0.694382691907681;0.0233127621813488
27/08/12;0; 13:00:00;14875200;10133118;4389043;353039;201;0.697769292049579;0.0237333951812413
27/08/12;0; 14:00:00;14875200;9668445;4860863;345892;201;0.665444286816688;0.0232529310530279
27/08/12;0; 15:00:00;14875200;9132292;4875308;867600;201;0.651952654273394;0.058325266214908
27/08/12;0; 16:00:00;14875200;8668518;4609483;1597199;201;0.652848120737451;0.107373279014736
27/08/12;0; 17:00:00;14875200;8891689;4382385;1601126;201;0.669853806751416;0.107637275465204
27/08/12;0; 18:00:00;14875200;9806614;3976826;1091760;201;0.711477976470315;0.0733946434333656
27/08/12;0; 19:00:00;14875200;10165635;4372414;337151;201;0.699243412922876;0.0226653087017317
27/08/12;0; 20:00:00;14875200;9729937;4802130;343133;201;0.669549417849505;0.0230674545552329
27/08/12;0; 21:00:00;14875200;8269152;6256848;349200;201;0.569265592730277;0.0234753146176186
27/08/12;0; 22:00:00;14875200;6558395;7970834;345971;201;0.451393188172614;0.0232582419059912
27/08/12;0; 23:00:00;14875200;5463794;9066238;345168;201;0.37603454693011;0.0232042594385286
28/08/12;1; 00:00:00;14875200;4794894;9733212;347094;201;0.330042608444625;0.0233337366892546
28/08/12;1; 01:00:00;14875200;4356167;10171849;347184;201;0.299845966579332;0.0233397870280736
28/08/12;1; 02:00:00;14875200;4019628;10506352;349220;201;0.276719918380722;0.0234766591373561
28/08/12;1; 03:00:00;14875200;3942086;10579453;353661;201;0.271464753150475;0.0237752097450791
28/08/12;1; 04:00:00;14875200;3974778;10546192;354230;201;0.27372675516856;0.0238134613316123
28/08/12;1; 05:00:00;14875200;4208933;10300547;365720;201;0.290081588037614;0.0245858879208347
28/08/12;1; 06:00:00;14875200;4946186;9507124;421890;201;0.342218218525722;0.0283619716037431
28/08/12;1; 07:00:00;14875200;5542532;8297674;1034994;201;0.400466004624498;0.0695784930622782
28/08/12;1; 08:00:00;14875200;6629716;7208015;1037469;201;0.479104269334329;0.0697448773797999
28/08/12;1; 09:00:00;14875200;7907961;6620177;347062;201;0.544320338917486;0.0233315854576745
28/08/12;1; 10:00:00;14875200;9131856;5395689;347655;201;0.628589069935767;0.0233714504678929
28/08/12;1; 11:00:00;14875200;10075762;4439927;359511;201;0.694129090255378;0.0241684817683124
28/08/12;1; 12:00:00;14875200;10573989;3936678;364533;201;0.728704545421654;0.0245060906744111
28/08/12;1; 13:00:00;14875200;10577711;3933298;364191;201;0.728943865998567;0.024483099386899
28/08/12;1; 14:00:00;14875200;10017709;4500862;356629;201;0.689992768572058;0.0239747364741314
28/08/12;1; 15:00:00;14875200;9100157;4895279;879764;201;0.650223187044691;0.0591430031192858
28/08/12;1; 16:00:00;14875200;8691141;4573672;1610387;201;0.655202677942011;0.108259855329676
28/08/12;1; 17:00:00;14875200;8932909;4335100;1607191;201;0.673266727509757;0.108045001075616
28/08/12;1; 18:00:00;14875200;10183666;3593534;1098000;201;0.739168045756758;0.0738141335914811
28/08/12;1; 19:00:00;14875200;10657073;3873223;344904;201;0.7334381212881;0.0231865117779929
28/08/12;1; 20:00:00;14875200;10238727;4289163;347310;201;0.704763527256883;0.0233482575024201
28/08/12;1; 21:00:00;14875200;8753293;5776307;345600;201;0.602445559409757;0.0232333010648596
28/08/12;1; 22:00:00;14875200;7045388;7483774;346038;201;0.484913582765475;0.023262746047112
28/08/12;1; 23:00:00;14875200;5740625;8787318;347257;201;0.39514368964691;0.0233446945251156
29/08/12;2; 00:00:00;14875200;4819531;9709808;345861;201;0.331710272573308;0.0232508470474347
29/08/12;2; 01:00:00;14875200;4213382;10317820;343998;201;0.28995412767643;0.0231256050338819
29/08/12;2; 02:00:00;14875200;3918764;10614436;342000;201;0.26964219855228;0.0229912875121007
29/08/12;2; 03:00:00;14875200;3831995;10686712;356493;201;0.263935004680513;0.0239655937399161
29/08/12;2; 04:00:00;14875200;3821991;10693209;360000;201;0.263309565145503;0.0242013552758954
29/08/12;2; 05:00:00;14875200;4130813;10370248;374139;201;0.284862811072928;0.0251518635043562
29/08/12;2; 06:00:00;14875200;4902619;9543201;429380;201;0.339379765219281;0.0288654942454555
29/08/12;2; 07:00:00;14875200;5642201;8174400;1058599;201;0.408363894998488;0.0711653624825212
29/08/12;2; 08:00:00;14875200;6625829;7190873;1058498;201;0.479552139142901;0.0711585726578466
29/08/12;2; 09:00:00;14875200;7973353;6545417;356430;201;0.549175515556759;0.0239613585027428
29/08/12;2; 10:00:00;14875200;9350951;5167658;356591;201;0.644066590676834;0.0239721818866301
29/08/12;2; 11:00:00;14875200;10054672;4460406;360122;201;0.692705337167324;0.0242095568462945
29/08/12;2; 12:00:00;14875200;10636779;3882021;356400;201;0.732621084387139;0.0239593417231365
29/08/12;2; 13:00:00;14875200;10443984;4071979;359237;201;0.719482682616372;0.0241500618479079
29/08/12;2; 14:00:00;14875200;9869407;4634375;371418;201;0.680471272941085;0.0249689415940626
29/08/12;2; 15:00:00;14875200;9267779;4714632;892789;201;0.662816949094115;0.0600186215983651
29/08/12;2; 16:00:00;14875200;8750165;4514275;1610760;201;0.659670894511943;0.108284930622782
29/08/12;2; 17:00:00;14875200;9076905;4189119;1609176;201;0.684221964320282;0.108178444659568
29/08/12;2; 18:00:00;14875200;10197829;3566126;1111245;201;0.740908336303047;0.0747045417876734
29/08/12;2; 19:00:00;14875200;10780942;3737557;356701;201;0.742565880949539;0.0239795767451866
29/08/12;2; 20:00:00;14875200;10388012;4131442;355746;201;0.715454727154341;0.0239153759277186
29/08/12;2; 21:00:00;14875200;9109868;5408714;356618;201;0.627462654410741;0.0239739969882758
29/08/12;2; 22:00:00;14875200;7442883;7075917;356400;201;0.512637614678899;0.0239593417231365
29/08/12;2; 23:00:00;14875200;6070484;8452333;352383;201;0.417996315728553;0.0236892949338496
30/08/12;3; 00:00:00;14875200;5079237;9438479;357484;201;0.349864744564503;0.0240322146929117
30/08/12;3; 01:00:00;14875200;4424897;10086831;363472;201;0.3049186837019;0.0244347639023341
30/08/12;3; 02:00:00;14875200;3973111;10534889;367200;201;0.273856561896884;0.0246853823814134
30/08/12;3; 03:00:00;14875200;3895238;10612762;367200;201;0.268488971601875;0.0246853823814134
30/08/12;3; 04:00:00;14875200;3929261;10578739;367200;201;0.270834091535704;0.0246853823814134
30/08/12;3; 05:00:00;14875200;4194362;10299238;381600;201;0.289394077385881;0.0256534365924492
30/08/12;3; 06:00:00;14875200;4846875;9595140;433185;201;0.335609331523337;0.0291212891255244
30/08/12;3; 07:00:00;14875200;5607956;8217569;1049675;201;0.405623366924583;0.0705654377756265
30/08/12;3; 08:00:00;14875200;6744271;7083298;1047631;201;0.487740903697534;0.070428027858449
30/08/12;3; 09:00:00;14875200;7937994;6583816;353390;201;0.54662566167716;0.0237569915026353
30/08/12;3; 10:00:00;14875200;9071236;5451164;352800;201;0.624637525477882;0.0237173281703775
30/08/12;3; 11:00:00;14875200;9940348;4574849;360003;201;0.684823499123023;0.0242015569538561
30/08/12;3; 12:00:00;14875200;10544655;3970680;359865;201;0.726449303443565;0.024192279767667
30/08/12;3; 13:00:00;14875200;10398980;4117262;358958;201;0.716368602838117;0.0241313057975691
30/08/12;3; 14:00:00;14875200;10078071;4439034;358095;201;0.694220438579179;0.0240732897708938
30/08/12;3; 15:00:00;14875200;9270816;4725984;878400;201;0.662352537722908;0.0590513068731849
30/08/12;3; 16:00:00;14875200;8794176;4474974;1606050;201;0.662753529804094;0.107968296224589
30/08/12;3; 17:00:00;14875200;9004204;4260530;1610466;201;0.67880773183993;0.10826516618264
30/08/12;3; 18:00:00;14878800;10006711;3767414;1104675;201;0.726486147032933;0.0742448987821599
30/08/12;3; 19:00:00;14878800;10419934;4113266;345600;201;0.716974513527647;0.0232276796515848
30/08/12;3; 20:00:00;14878800;10019987;4510403;348410;201;0.689588304236844;0.0234165389681964
30/08/12;3; 21:00:00;14878800;8998538;5529866;350396;201;0.6193755349865;0.0235500174745275
30/08/12;3; 22:00:00;14878800;7733490;6796246;349064;201;0.532252616289794;0.0234604941258704
30/08/12;3; 23:00:00;14878800;6284624;8248576;345600;201;0.432432224148845;0.0232276796515848
31/08/12;4; 00:00:00;14878800;5176010;9352397;350393;201;0.356268240557963;0.0235498158453639
31/08/12;4; 01:00:00;14878800;4434371;10094310;350119;201;0.305214974435739;0.0235314003817512
31/08/12;4; 02:00:00;14878800;3950708;10580697;347395;201;0.27187377958291;0.0233483211011641
31/08/12;4; 03:00:00;14878800;3785186;10748014;345600;201;0.260450967440068;0.0232276796515848
31/08/12;4; 04:00:00;14878800;3801815;10722282;354703;201;0.261759130361082;0.0238394897437965
31/08/12;4; 05:00:00;14878800;4006661;10501339;370800;201;0.276169079128757;0.0249213646261795
31/08/12;4; 06:00:00;14878800;4699398;9756451;422951;201;0.32508626784909;0.0284264187972148
31/08/12;4; 07:00:00;14878800;5309749;8524346;1044705;201;0.383816144099054;0.0702143318009517
31/08/12;4; 08:00:00;14882400;6494772;7342310;1045318;201;0.469374395555363;0.0702385367951406
31/08/12;4; 09:00:00;14882400;7851914;6677686;352800;201;0.540408132364277;0.0237058538945331
31/08/12;4; 10:00:00;14882400;9040617;5492583;349200;201;0.622066509784493;0.0234639574262216
31/08/12;4; 11:00:00;14882400;9908681;4615802;357917;201;0.682205418258261;0.0240496828468527
31/08/12;4; 12:00:00;14889600;10564241;3968959;356400;201;0.726903985357664;0.023936170212766
31/08/12;4; 13:00:00;14893200;10420597;4116203;356400;201;0.71684256507622;0.0239303843364757
31/08/12;4; 14:00:00;14904000;10032326;4517522;354152;201;0.689514144752577;0.0237622114868492
31/08/12;4; 15:00:00;14907600;9244316;4780103;883181;201;0.659158571916598;0.0592436743674367
31/08/12;4; 16:00:00;14907600;8513683;4788317;1605600;201;0.640030296196061;0.107703453272156
31/08/12;4; 17:00:00;14911200;8470507;4835093;1605600;201;0.636612178330928;0.107677450507001
31/08/12;4; 18:00:00;14911200;8997380;4803783;1110037;201;0.651929116408523;0.0744431702344546
31/08/12;4; 19:00:00;14911200;9271434;5286966;352800;201;0.636844296076492;0.0236600676001931
31/08/12;4; 20:00:00;14911200;9219484;5338916;352800;201;0.633275909440598;0.0236600676001931
31/08/12;4; 21:00:00;14911200;8869918;5687251;354031;201;0.609316138323324;0.0237426229947959
31/08/12;4; 22:00:00;14911200;8419282;6135518;356400;201;0.578453980817325;0.0239014968614196
31/08/12;4; 23:00:00;14911200;7807439;6747361;356400;201;0.536416783466623;0.0239014968614196
01/09/12;5; 00:00:00;14911200;6955359;7599441;356400;201;0.477873897271003;0.0239014968614196
01/09/12;5; 01:00:00;14911200;6150356;8401048;359796;201;0.422664094818617;0.0241292451311766
01/09/12;5; 02:00:00;14911200;5094203;9459197;357800;201;0.350035249494963;0.0239953860185632
01/09/12;5; 03:00:00;14911200;4637264;9917536;356400;201;0.318607194877291;0.0239014968614196
01/09/12;5; 04:00:00;14911200;4484779;10070021;356400;201;0.30813058235084;0.0239014968614196
01/09/12;5; 05:00:00;14911200;4421205;10133595;356400;201;0.303762676230522;0.0239014968614196
01/09/12;5; 06:00:00;14911200;4573118;9981682;356400;201;0.314199989007063;0.0239014968614196
01/09/12;5; 07:00:00;14911200;4901160;9653640;356400;201;0.336738395580839;0.0239014968614196
01/09/12;5; 08:00:00;14911200;5496558;9058242;356400;201;0.377645725121609;0.0239014968614196
01/09/12;5; 09:00:00;14911200;6214330;8340470;356400;201;0.426960865144145;0.0239014968614196
01/09/12;5; 10:00:00;14911200;7097385;7462528;351287;201;0.487460673700454;0.0235586002467944
01/09/12;5; 11:00:00;14911200;7681055;6871321;358824;201;0.527821367452298;0.0240640592306454
01/09/12;5; 12:00:00;14911200;8317722;6233478;360000;201;0.571617598548573;0.0241429261226461
01/09/12;5; 13:00:00;14911200;8374586;6176925;359689;201;0.575513154613291;0.0241220693170234
01/09/12;5; 14:00:00;14911200;8318394;6239106;353700;201;0.571416383307573;0.0237204249154998
01/09/12;5; 15:00:00;14911200;8238837;6308632;363731;201;0.566341608976792;0.0243931407264338
01/09/12;5; 16:00:00;14911200;8308750;6243154;359296;201;0.570973392897589;0.0240957132893396
01/09/12;5; 17:00:00;14911200;8614732;5940068;356400;201;0.591882540467749;0.0239014968614196
01/09/12;5; 18:00:00;14911200;9484169;5076642;350389;201;0.651348953021916;0.0234983770588551
01/09/12;5; 19:00:00;14911200;10021454;4533389;356357;201;0.688530546155668;0.0238986131230216
01/09/12;5; 20:00:00;14911200;10080206;4474594;356400;201;0.692569186797483;0.0239014968614196
01/09/12;5; 21:00:00;14911200;10052268;4501015;357917;201;0.690721674277893;0.0240032324695531
01/09/12;5; 22:00:00;14911200;9713328;4834011;363861;201;0.667704794670695;0.0244018590053114
01/09/12;5; 23:00:00;14911200;9167424;5385202;358574;201;0.62994981112;0.0240472933097269
02/09/12;6; 00:00:00;14911200;8425133;6129726;356341;201;0.578853632316191;0.0238975401040828
02/09/12;6; 01:00:00;14911200;7267125;7285424;358651;201;0.499371278529967;0.0240524572133698
02/09/12;6; 02:00:00;14911200;5428530;9116269;366401;201;0.373228258431072;0.0245722007618434
02/09/12;6; 03:00:00;14911200;4720852;9829888;360460;201;0.324440681367408;0.0241737754171361
02/09/12;6; 04:00:00;14911200;4423395;10130365;357440;201;0.303934859445257;0.0239712430924406
02/09/12;6; 05:00:00;14911200;4406360;10136069;368771;201;0.30300027595115;0.0247311416921509
02/09/12;6; 06:00:00;14911200;4598654;9938335;374211;201;0.316341575273944;0.0250959681313375
02/09/12;6; 07:00:00;14911200;5152961;9391434;366805;201;0.354291876698893;0.0245992944900477
02/09/12;6; 08:00:00;14911200;6117703;8424229;369268;201;0.420693962810444;0.0247644723429369
02/09/12;6; 09:00:00;14911200;7599771;6938735;372694;201;0.522733972802983;0.024994232523204
02/09/12;6; 10:00:00;14911200;9107406;5425300;378494;201;0.626683427023157;0.0253832018885133
02/09/12;6; 11:00:00;14911200;10273364;4261877;375959;201;0.706790069734654;0.0252131954503997
02/09/12;6; 12:00:00;14911200;10876338;3653372;381490;201;0.748558505297077;0.0255841246848007
02/09/12;6; 13:00:00;14911200;11210499;3309663;391038;201;0.772064319943538;0.0262244487365202
02/09/12;6; 14:00:00;14911200;11255230;3264597;391373;201;0.775162817022544;0.026246915070551
02/09/12;6; 15:00:00;14911200;11076828;3448963;385409;201;0.762562809832525;0.0258469472611192
02/09/12;6; 16:00:00;14911200;10964092;3563735;383373;201;0.754695936288338;0.0257104056011589
02/09/12;6; 17:00:00;14911200;10544546;3985281;381373;201;0.72571724357076;0.0255762782338108
02/09/12;6; 18:00:00;14911200;10423544;4125019;362637;201;0.716465536836868;0.0243197730564944
02/09/12;6; 19:00:00;14911200;10369744;4167174;374282;201;0.713338549477957;0.0251007296528784
02/09/12;6; 20:00:00;14911200;10083491;4454651;373058;201;0.693588699298714;0.0250186437040614
02/09/12;6; 21:00:00;14911200;9446883;5095276;369041;201;0.649620389929721;0.0247492488867429
02/09/12;6; 22:00:00;14911200;8404505;6136153;370542;201;0.578000321581045;0.0248499114759375
02/09/12;6; 23:00:00;14911200;7216274;7323843;371083;201;0.496300958238507;0.0248861929288052
03/09/12;0; 00:00:00;14911200;6064013;8474559;372628;201;0.417098254216439;0.0249898063200815
03/09/12;0; 01:00:00;14911200;5205593;9331207;374400;201;0.358097586814154;0.0251086431675519
03/09/12;0; 02:00:00;14911200;4476474;10050584;384142;201;0.308147320675666;0.0257619775739042
03/09/12;0; 03:00:00;14911200;4175972;10350859;384369;201;0.287466137659342;0.0257772010300982
03/09/12;0; 04:00:00;14911200;4080280;10446435;384485;201;0.280881121437297;0.0257849804174044
03/09/12;0; 05:00:00;14911200;4053697;10457280;400223;201;0.279353829862731;0.026840428671066
03/09/12;0; 06:00:00;14911200;4193211;10258707;459282;201;0.290149099932618;0.0308011427651698
03/09/12;0; 07:00:00;14911200;4328434;9507275;1075491;201;0.312845116936183;0.0721263882182521
03/09/12;0; 08:00:00;14911200;4772592;9068192;1070416;201;0.344820929219038;0.0717860400236064
03/09/12;0; 09:00:00;14911200;5565563;8967900;377737;201;0.382948165898245;0.0253324346799721
03/09/12;0; 10:00:00;14911200;6533439;8003361;374400;201;0.449441348852567;0.0251086431675519
03/09/12;0; 11:00:00;14911200;7814252;6717326;379622;201;0.537742838389609;0.0254588497236976
03/09/12;0; 12:00:00;14911200;9085948;5454874;370378;201;0.624857934441395;0.024838913031815
03/09/12;0; 13:00:00;14911200;9720318;4821322;369560;201;0.668447162768436;0.0247840549385697
03/09/12;0; 14:00:00;14911200;9754817;4788606;367777;201;0.670737349797224;0.0246644803905789
03/09/12;0; 15:00:00;14911200;9306700;4707633;896867;201;0.664084405586766;0.0601472047856645
03/09/12;0; 16:00:00;14911200;8558598;4721982;1630620;201;0.644444595040277;0.109355383872525
03/09/12;0; 17:00:00;14911200;8236790;5047708;1626702;201;0.620030203625308;0.109092628359891
03/09/12;0; 18:00:00;14911200;8511134;5280715;1119351;201;0.617113339915482;0.0750678013841944
03/09/12;0; 19:00:00;14911200;8496260;6053914;361026;201;0.58392841212758;0.0242117334620956
03/09/12;0; 20:00:00;14911200;7949109;6591711;370380;201;0.546675428208313;0.0248390471591824
03/09/12;0; 21:00:00;14911200;6829839;7716521;364840;201;0.469522203492833;0.0244675143516283
03/09/12;0; 22:00:00;14911200;5723173;8821250;366777;201;0.393496049997996;0.0245974167069049
03/09/12;0; 23:00:00;14911200;4937216;9597058;376926;201;0.339694710585475;0.0252780460325125
04/09/12;1; 00:00:00;14911200;4457222;10072378;381600;201;0.306768390045149;0.0255915016900048
04/09/12;1; 01:00:00;14911200;4184821;10345852;380527;201;0.287999117453128;0.0255195423574226
04/09/12;1; 02:00:00;14911200;3976743;10554929;379528;201;0.273660388150792;0.0254525457374323
04/09/12;1; 03:00:00;14911200;3936830;10592770;381600;201;0.270952400616672;0.0255915016900048
04/09/12;1; 04:00:00;14911200;4010224;10519376;381600;201;0.276003744081048;0.0255915016900048
04/09/12;1; 05:00:00;14911200;4210913;10308784;391503;201;0.29001383431073;0.0262556333494286
04/09/12;1; 06:00:00;14911200;4928684;9553547;428969;201;0.340326293649093;0.0287682413219593
04/09/12;1; 07:00:00;14911200;5606858;8271547;1032795;201;0.403998730401656;0.0692630371801062
04/09/12;1; 08:00:00;14911200;6717973;7171358;1021869;201;0.483678659540909;0.0685302993722839
04/09/12;1; 09:00:00;14911200;7913745;6666799;330656;201;0.542760613047085;0.0221750093889157
04/09/12;1; 10:00:00;14911200;8976718;5605007;329475;201;0.615614270602415;0.0220958071784967
04/09/12;1; 11:00:00;14911200;9699685;4883675;327840;201;0.665120040923354;0.0219861580556897
04/09/12;1; 12:00:00;14911200;10201325;4385124;324751;201;0.699370011165843;0.0217789983368206
04/09/12;1; 13:00:00;14911200;10339267;4240254;331679;201;0.709163696118686;0.0222436155373142
04/09/12;1; 14:00:00;14911200;10061257;4523805;326138;201;0.689832994882024;0.0218720156660765
04/09/12;1; 15:00:00;14911200;9285075;4776369;849756;201;0.660321585748946;0.0569877675840979
04/09/12;1; 16:00:00;14911200;8869963;4461319;1579918;201;0.665349589034273;0.105955120982885
04/09/12;1; 17:00:00;14911200;9344706;3972273;1594221;201;0.701713654425677;0.106914332850475
04/09/12;1; 18:00:00;14911200;10449690;3363510;1098000;201;0.756500304056989;0.0736359246740705
04/09/12;1; 19:00:00;14911200;10614789;3958011;338400;201;0.728397356719368;0.0226943505552873
04/09/12;1; 20:00:00;14914800;10237296;4329067;348437;201;0.702803850212987;0.0233618285193231
04/09/12;1; 21:00:00;14914800;8990527;5577435;346838;201;0.617143770693526;0.0232546195725052
04/09/12;1; 22:00:00;14914800;7713762;6855438;345600;201;0.529456799275183;0.0231716147719044
04/09/12;1; 23:00:00;14914800;6194971;8372984;346845;201;0.425246439874368;0.0232550889049803
05/09/12;2; 00:00:00;14911200;4757890;9810617;342693;201;0.326587343507471;0.0229822549492999
05/09/12;2; 01:00:00;14911200;4202675;10358567;349958;201;0.288620641014001;0.0234694726111916
05/09/12;2; 02:00:00;14911200;3932626;10629374;349200;201;0.270060843290757;0.0234186383389667
05/09/12;2; 03:00:00;14911200;3861229;10700771;349200;201;0.265157876665293;0.0234186383389667
05/09/12;2; 04:00:00;14911200;3855935;10704524;350741;201;0.264822352097554;0.0235219834755083
05/09/12;2; 05:00:00;14911200;4153506;10390494;367200;201;0.285582095709571;0.024625784645099
05/09/12;2; 06:00:00;14911200;4860906;9631021;419273;201;0.335421645444391;0.0281179918450561
05/09/12;2; 07:00:00;14911200;5558314;8317105;1035781;201;0.400587110198258;0.0694632893395568
05/09/12;2; 08:00:00;14911200;6703778;7178404;1029018;201;0.482905208993802;0.0690097376468695
05/09/12;2; 09:00:00;14911200;7976984;6596459;337757;201;0.547364407985127;0.0226512286066849
05/09/12;2; 10:00:00;14911200;9293535;5276310;341355;201;0.63786093812254;0.022892523740544
05/09/12;2; 11:00:00;14911200;10158919;4406681;345600;201;0.697459699566101;0.0231772090777402
05/09/12;2; 12:00:00;14911200;10682231;3876744;352225;201;0.733721364313078;0.0236215059820806
05/09/12;2; 13:00:00;14911200;10428368;4133185;349647;201;0.716157679060743;0.023448615805569
05/09/12;2; 14:00:00;14911200;9879579;4687943;343678;201;0.678192145513836;0.0230483126777188
05/09/12;2; 15:00:00;14911200;9276444;4771062;863694;201;0.660362344746462;0.0579225012071463
05/09/12;2; 16:00:00;14911200;9164173;4152110;1594917;201;0.688193019027907;0.106961009174312
05/09/12;2; 17:00:00;14911200;9851091;3458428;1601681;201;0.740153795189744;0.107414627930683
05/09/12;2; 18:00:00;14911200;11160262;2646456;1104482;201;0.808321137579546;0.0740706314716455
05/09/12;2; 19:00:00;14911200;11702436;2864785;343979;201;0.803340321396923;0.0230684988465046
05/09/12;2; 20:00:00;14911200;11307693;3257064;346443;201;0.77637361200053;0.0232337437630774
05/09/12;2; 21:00:00;14911200;9935821;4628503;346876;201;0.682202689256295;0.0232627823381083
05/09/12;2; 22:00:00;14911200;7522215;7054184;334801;201;0.516054410969403;0.0224529883577445
05/09/12;2; 23:00:00;14911200;5901523;8676566;333111;201;0.404821441273956;0.0223396507323354
06/09/12;3; 00:00:00;14911200;5025028;9547733;338439;201;0.344823331693973;0.0226969660389506
06/09/12;3; 01:00:00;14911200;4505033;10067767;338400;201;0.309139835858586;0.0226943505552873
06/09/12;3; 02:00:00;14911200;4033409;10539391;338400;201;0.276776528875714;0.0226943505552873
06/09/12;3; 03:00:00;14911200;3903453;10667373;340374;201;0.267895107662393;0.0228267342668598
06/09/12;3; 04:00:00;14911200;3956662;10608938;345600;201;0.271644285165046;0.0231772090777402
06/09/12;3; 05:00:00;14911200;4215607;10335593;360000;201;0.289708546374182;0.0241429261226461
06/09/12;3; 06:00:00;14911200;4969394;9529261;412545;201;0.342748620475485;0.0276667873812973
06/09/12;3; 07:00:00;14911200;5647169;8234339;1029692;201;0.406812357850458;0.0690549385696658
06/09/12;3; 08:00:00;14911200;6803128;7085588;1022484;201;0.489831313420189;0.0685715435377434
06/09/12;3; 09:00:00;14911200;8045432;6540168;325600;201;0.551601031154015;0.0218359354042599
06/09/12;3; 10:00:00;14911200;9290575;5294614;326011;201;0.636986946141048;0.0218634985782499
06/09/12;3; 11:00:00;14911200;10044423;4521607;345170;201;0.68957862918036;0.0231483716937604
06/09/12;3; 12:00:00;14911200;10562758;4006442;342000;201;0.725006040139472;0.0229357798165138
06/09/12;3; 13:00:00;14911200;10628477;3942882;339841;201;0.729408766883034;0.0227909893234616
06/09/12;3; 14:00:00;14911200;10338270;4227502;345428;201;0.709764645499051;0.0231656741241483
06/09/12;3; 15:00:00;14911200;9588150;4456203;866847;201;0.682704998941567;0.0581339530017705
06/09/12;3; 16:00:00;14911200;9176280;4145168;1589752;201;0.688835027543552;0.106614625248136
06/09/12;3; 17:00:00;14911200;9341087;3980518;1589595;201;0.701198316569212;0.106604096249799
06/09/12;3; 18:00:00;14911200;10486864;3338309;1086027;201;0.758534016174698;0.0728329711894415
06/09/12;3; 19:00:00;14911200;11154347;3429253;327600;201;0.764855522641872;0.0219700627716079
06/09/12;3; 20:00:00;14911200;11036010;3551341;323849;201;0.756546545016981;0.0217185068941467
06/09/12;3; 21:00:00;14911200;9987725;4588864;334611;201;0.685189450014678;0.0224402462578464
06/09/12;3; 22:00:00;14911200;8055155;6519057;336988;201;0.552699178521624;0.0225996566339396
06/09/12;3; 23:00:00;14911200;6507539;8065261;338400;201;0.446553785133948;0.0226943505552873
07/09/12;4; 00:00:00;14911200;5462863;9111618;336719;201;0.374823844499163;0.0225816165030313
07/09/12;4; 01:00:00;14911200;4674344;9899565;337291;201;0.320733716671347;0.0226199769300928
07/09/12;4; 02:00:00;14911200;4056960;10513133;341107;201;0.278444344864511;0.0228758919469929
07/09/12;4; 03:00:00;14911200;3923570;10648772;338858;201;0.269247729706042;0.02272506572241
07/09/12;4; 04:00:00;14911200;3938546;10625706;346948;201;0.270425559788446;0.0232676109233328
07/09/12;4; 05:00:00;14911200;4275902;10273180;362118;201;0.293894968768476;0.0242849670046676
07/09/12;4; 06:00:00;14911200;5009282;9489848;412070;201;0.345488453445138;0.0276349321315521
07/09/12;4; 07:00:00;14911200;5704210;8177759;1029231;201;0.410907847438645;0.069024022211492
07/09/12;4; 08:00:00;14911200;6926721;6945483;1038996;201;0.499323755619511;0.0696788990825688
07/09/12;4; 09:00:00;14911200;8218446;6353933;338821;201;0.563974214505401;0.0227225843661141
07/09/12;4; 10:00:00;14911200;9405199;5167754;338247;201;0.645387314431056;0.0226840898116852
07/09/12;4; 11:00:00;14911200;9943314;4615761;352125;201;0.682963306391374;0.0236147996137132
07/09/12;4; 12:00:00;14911200;10344074;4214326;352800;201;0.710522722277173;0.0236600676001931
07/09/12;4; 13:00:00;14911200;10515642;4044667;350891;201;0.722212832158988;0.0235320430280594
07/09/12;4; 14:00:00;14911200;10273924;4294380;342896;201;0.705224437930455;0.0229958688770857
07/09/12;4; 15:00:00;14911200;9795587;4243591;872022;201;0.697732231901326;0.0584810075647835
07/09/12;4; 16:00:00;14911200;9493597;3826037;1591566;201;0.712752092137066;0.10673627877032
07/09/12;4; 17:00:00;14911200;10067913;3252760;1590527;201;0.755811136569451;0.106666599602983
07/09/12;4; 18:00:00;14911200;11137445;2678551;1095204;201;0.806126825746041;0.0734484146145179
07/09/12;4; 19:00:00;14911200;11884112;2695888;331200;201;0.815096844993141;0.0222114920328344
07/09/12;4; 20:00:00;14911200;11973979;2606021;331200;201;0.821260562414266;0.0222114920328344
07/09/12;4; 21:00:00;14911200;11769761;2799197;342242;201;0.80786566891057;0.0229520092279629
07/09/12;4; 22:00:00;14911200;10919097;3634849;357254;201;0.750249932217695;0.0239587692472772
07/09/12;4; 23:00:00;14911200;9206475;5352862;351863;201;0.632341637534731;0.0235972289285906
08/09/12;5; 00:00:00;14911200;7761644;6800210;349346;201;0.533012073874659;0.0234284296367831
08/09/12;5; 01:00:00;14911200;6385351;8155267;370582;201;0.439138900423627;0.0248525940232845
08/09/12;5; 02:00:00;14911200;4755749;9781577;373874;201;0.327140562163908;0.0250733676699394
08/09/12;5; 03:00:00;14911200;4161495;10378905;370800;201;0.286202236527193;0.0248672139063254
08/09/12;5; 04:00:00;14911200;4038704;10499854;372642;201;0.277792611894522;0.024990745211653
08/09/12;5; 05:00:00;14911200;4009937;10523263;378000;201;0.275915627666309;0.0253500724287784
08/09/12;5; 06:00:00;14911200;4384128;10149072;378000;201;0.301662951036248;0.0253500724287784
08/09/12;5; 07:00:00;14911200;4824956;9710047;376197;201;0.331954248650654;0.0252291566071141
08/09/12;5; 08:00:00;14911200;5855355;8687309;368536;201;0.402632901372128;0.0247153817264875
08/09/12;5; 09:00:00;14911200;6680631;7866424;364145;201;0.459242850185141;0.0244209050914749
08/09/12;5; 10:00:00;14911200;8191970;6359549;359681;201;0.562963220540756;0.0241215328075541
08/09/12;5; 11:00:00;14911200;9322462;5223033;365705;201;0.640917479948259;0.0245255244380063
08/09/12;5; 12:00:00;14911200;10034434;4512615;364151;201;0.689791723393521;0.0244213074735769
08/09/12;5; 13:00:00;14911200;10455900;4093877;361423;201;0.718629570748748;0.0242383577445142
08/09/12;5; 14:00:00;14911200;10397024;4154176;360000;201;0.714513167298917;0.0241429261226461
08/09/12;5; 15:00:00;14911200;10098007;4445449;367744;201;0.694333382656777;0.0246622672890177
08/09/12;5; 16:00:00;14911200;9646548;4904275;360377;201;0.66295549055885;0.0241682091313912
08/09/12;5; 17:00:00;14911200;9956125;4595075;360000;201;0.684213329484853;0.0241429261226461
08/09/12;5; 18:00:00;14911200;10911267;3643969;355964;201;0.749645488400188;0.0238722570953377
08/09/12;5; 19:00:00;14911200;11476489;3037591;397120;201;0.790714189256226;0.0266323300606256
08/09/12;5; 20:00:00;14911200;11529680;2969069;412451;201;0.795218953028292;0.0276604833950319
08/09/12;5; 21:00:00;14914800;11424423;3089439;400938;201;0.78713873674698;0.0268818891302599
08/09/12;5; 22:00:00;14914800;10938890;3579917;395993;201;0.753428983524611;0.026550339260332
08/09/12;5; 23:00:00;14914800;10150332;4372068;392400;201;0.69894314989258;0.0263094376055998
09/09/12;6; 00:00:00;14914800;9174003;5354389;386408;201;0.631453432699228;0.0259076890068925
09/09/12;6; 01:00:00;14914800;7806801;6726632;381367;201;0.537161522676714;0.0255697025773058
09/09/12;6; 02:00:00;14914800;5426819;9104612;383369;201;0.3734538601188;0.0257039316651916
09/09/12;6; 03:00:00;14914800;4678000;9851600;385200;201;0.321963440149763;0.0258266956311851
09/09/12;6; 04:00:00;14914800;4523955;10007121;383724;201;0.311329663405518;0.0257277335264301
09/09/12;6; 05:00:00;14914800;4593574;9943226;378000;201;0.315996230257003;0.0253439536567705
09/09/12;6; 06:00:00;14914800;4940817;9596615;377368;201;0.339868623289175;0.0253015796390163
09/09/12;6; 07:00:00;14914800;5737922;8796396;380482;201;0.394784399240473;0.0255103655429506
09/09/12;6; 08:00:00;14914800;7277292;7258490;379018;201;0.500646748829887;0.025412208008153
09/09/12;6; 09:00:00;14914800;9013040;5520160;381600;201;0.620168992376077;0.0255853246439778
09/09/12;6; 10:00:00;14914800;10464284;4071589;378927;201;0.719893741504208;0.0254061066859763
09/09/12;6; 11:00:00;14914800;11198796;3333362;382642;201;0.770621679175247;0.025655188135275
09/09/12;6; 12:00:00;14914800;11613648;2919468;381684;201;0.799116170269335;0.0255909566336793
09/09/12;6; 13:00:00;14914800;11913907;2621457;379436;201;0.819649717750446;0.0254402338616676
09/09/12;6; 14:00:00;14914800;12094822;2441867;378111;201;0.832020414002116;0.025351395928876
09/09/12;6; 15:00:00;14914800;12053004;2477389;384407;201;0.829502959761653;0.0257735269665031
09/09/12;6; 16:00:00;14914800;12005861;2522839;386100;201;0.826354801186617;0.025887038377987
09/09/12;6; 17:00:00;14914800;11746106;2787094;381600;201;0.808225717667135;0.0255853246439778
09/09/12;6; 18:00:00;14914800;11401491;3138909;374400;201;0.784124989683915;0.0251025826695631
09/09/12;6; 19:00:00;14914800;11275909;3261680;377211;201;0.775638174940838;0.0252910531820742
09/09/12;6; 20:00:00;14914800;10246197;4294034;374569;201;0.70467910723014;0.0251139136964626
09/09/12;6; 21:00:00;14914800;8175544;6368456;370800;201;0.562124862486249;0.0248612116823558
09/09/12;6; 22:00:00;14914800;6573574;7966428;374798;201;0.452102688844197;0.0251292675731488
09/09/12;6; 23:00:00;14914800;5474818;9058382;381600;201;0.376711116615749;0.0255853246439778
10/09/12;0; 00:00:00;14914800;4789272;9743928;381600;201;0.329540087523739;0.0255853246439778
10/09/12;0; 01:00:00;14914800;4443398;10088456;382946;201;0.305769518466123;0.0256755705741948
10/09/12;0; 02:00:00;14914800;4104131;10422678;387991;201;0.282521164833929;0.0260138251937673
10/09/12;0; 03:00:00;14914800;4052876;10473124;388800;201;0.279008398733306;0.0260680666183925
10/09/12;0; 04:00:00;14914800;4043975;10482025;388800;201;0.278395635412364;0.0260680666183925
10/09/12;0; 05:00:00;14914800;4277373;10233922;403505;201;0.294761632231996;0.027054000053638
10/09/12;0; 06:00:00;14914800;4982930;9474517;457353;201;0.344661820306172;0.0306643736422882
10/09/12;0; 07:00:00;14914800;5525068;8314395;1075337;201;0.399225605791207;0.0720986536862714
10/09/12;0; 08:00:00;14914800;6456261;7394202;1064337;201;0.466140445990867;0.07136113122536
10/09/12;0; 09:00:00;14914800;7473831;7068271;372698;201;0.513944338995834;0.0249884678306112
10/09/12;0; 10:00:00;14914800;8844094;5699906;370800;201;0.608092271727173;0.0248612116823558
10/09/12;0; 11:00:00;14914800;9861031;4677912;375857;201;0.678249512361387;0.0252002708718856
10/09/12;0; 12:00:00;14914800;10218959;4312751;383090;201;0.703217928241067;0.0256852254136831
10/09/12;0; 13:00:00;14914800;10064930;4475267;374603;201;0.692214142628191;0.0251161933113418
10/09/12;0; 14:00:00;14914800;9695075;4849206;370519;201;0.666590187579572;0.0248423713358543
10/09/12;0; 15:00:00;14914800;9019938;4996651;898211;201;0.643518761947004;0.0602227988306917
10/09/12;0; 16:00:00;14918400;8634653;4660865;1622882;201;0.649440886771016;0.108783917846418
10/09/12;0; 17:00:00;14918400;8648466;4652533;1617401;201;0.650211762289434;0.108416519197769
10/09/12;0; 18:00:00;14918400;9832016;3973651;1112733;201;0.712172472362255;0.0745879584942085
10/09/12;0; 19:00:00;14918400;10181377;4368827;368196;201;0.69974118575932;0.0246806628056628
10/09/12;0; 20:00:00;14918400;9690175;4860151;368074;201;0.665976487399664;0.024672484984985
10/09/12;0; 21:00:00;14918400;8194382;6363442;360576;201;0.562885085023696;0.0241698841698842
10/09/12;0; 22:00:00;14918400;6556271;8000220;361909;201;0.450401886003983;0.0242592369154869
10/09/12;0; 23:00:00;14918400;5404637;9140042;373721;201;0.371588606390007;0.0250510108322608
11/09/12;1; 00:00:00;14918400;4698747;9841653;378000;201;0.323151151275068;0.0253378378378378
11/09/12;1; 01:00:00;14918400;4200634;10339766;378000;201;0.28889397815741;0.0253378378378378
11/09/12;1; 02:00:00;14918400;3912400;10628000;378000;201;0.269071002173255;0.0253378378378378
11/09/12;1; 03:00:00;14918400;3866893;10676256;375251;201;0.265891039141523;0.0251535687473187
11/09/12;1; 04:00:00;14918400;3901587;10642413;374400;201;0.268260932343234;0.0250965250965251
11/09/12;1; 05:00:00;14918400;4143987;10385613;388800;201;0.285209985133796;0.0260617760617761
11/09/12;1; 06:00:00;14918400;4851548;9621281;445571;201;0.335217668916008;0.029867210960961
11/09/12;1; 07:00:00;14918400;5562424;8291279;1064697;201;0.401511711345335;0.0713680421492922
11/09/12;1; 08:00:00;14918400;6693109;7164920;1060371;201;0.48297698034836;0.0710780646718147
11/09/12;1; 09:00:00;14918400;7972429;6574588;371383;201;0.548045623374194;0.0248942916130416
11/09/12;1; 10:00:00;14918400;9176785;5372767;368848;201;0.630726293153219;0.0247243672243672
11/09/12;1; 11:00:00;14918400;9999187;4541631;377582;201;0.687663307525065;0.0253098187473187
11/09/12;1; 12:00:00;14918400;10506624;4035535;376241;201;0.722494094583892;0.0252199297511798
11/09/12;1; 13:00:00;14918400;10381164;4162029;375207;201;0.713816010005506;0.0251506193693694
11/09/12;1; 14:00:00;14918400;9928800;4614416;375184;201;0.682710069079631;0.0251490776490776
11/09/12;1; 15:00:00;14918400;9229178;4784817;904405;201;0.658568666536559;0.0606234582797083
11/09/12;1; 16:00:00;14918400;8922590;4371439;1624371;201;0.671172749811212;0.108883727477477
11/09/12;1; 17:00:00;14918400;9143484;4151192;1623724;201;0.687755308967289;0.108840358215358
11/09/12;1; 18:00:00;14918400;10374542;3421809;1122049;201;0.751977243837881;0.0752124222436723
11/09/12;1; 19:00:00;14918400;11343629;3203711;371060;201;0.779773415621;0.0248726404976405
11/09/12;1; 20:00:00;14918400;11060883;3483117;374400;201;0.760511757425743;0.0250965250965251
11/09/12;1; 21:00:00;14918400;9338929;5204446;375025;201;0.642143175157073;0.0251384196696697
11/09/12;1; 22:00:00;14918400;7357355;7178221;382824;201;0.50616191611533;0.0256611969111969
11/09/12;1; 23:00:00;14918400;5687487;8839964;390949;201;0.391499307070456;0.0262058263620764
12/09/12;2; 00:00:00;14918400;4738288;9790083;390029;201;0.326140349802466;0.0261441575504076
12/09/12;2; 01:00:00;14918400;4168762;10357238;392400;201;0.286986231584745;0.0263030888030888
12/09/12;2; 02:00:00;14918400;3884040;10640122;394238;201;0.26741921496056;0.0264262923637924
12/09/12;2; 03:00:00;14918400;3820040;10702360;396000;201;0.263044675811161;0.0265444015444015
12/09/12;2; 04:00:00;14918400;3833704;10689558;395138;201;0.26396989877343;0.0264866205491206
12/09/12;2; 05:00:00;14918400;4152095;10362696;403609;201;0.28605957881171;0.0270544428356928
12/09/12;2; 06:00:00;14918400;4860062;9591704;466634;201;0.336295370406634;0.0312790915915916
12/09/12;2; 07:00:00;14918400;5685180;8158931;1074289;201;0.410656921199202;0.0720110065422565
12/09/12;2; 08:00:00;14918400;6706353;7137532;1074515;201;0.484427095428776;0.0720261556199056
12/09/12;2; 09:00:00;14918400;8093769;6438462;386169;201;0.556952955124371;0.0258854166666667
12/09/12;2; 10:00:00;14918400;9327943;5211013;379444;201;0.641582724371681;0.0254346310596311
12/09/12;2; 11:00:00;14918400;10221150;4315650;381600;201;0.703122420340102;0.0255791505791506
12/09/12;2; 12:00:00;14918400;10775445;3757843;385112;201;0.741432014558578;0.0258145645645646
12/09/12;2; 13:00:00;14918400;10593568;3928138;396694;201;0.729498861910577;0.0265909212784213
12/09/12;2; 14:00:00;14918400;10195819;4331130;391451;201;0.701855496291754;0.0262394760832261
12/09/12;2; 15:00:00;14918400;9454319;4550416;913665;201;0.675080178239717;0.0612441682754183
12/09/12;2; 16:00:00;14918400;8996564;4289872;1631964;201;0.67712394806252;0.109392696267696
12/09/12;2; 17:00:00;14918400;9442349;3843727;1632324;201;0.710695091613205;0.109416827541828
12/09/12;2; 18:00:00;14918400;10697693;3093907;1126800;201;0.775667290234636;0.075530888030888
12/09/12;2; 19:00:00;14918400;11441095;3107930;369375;201;0.78638224898232;0.0247596927284427
12/09/12;2; 20:00:00;14918400;11132539;3396428;389433;201;0.766230592993982;0.0261042068854569
12/09/12;2; 21:00:00;14918400;9940550;4596233;381617;201;0.683820484903709;0.0255802901115401
12/09/12;2; 22:00:00;14918400;7866236;6675850;376314;201;0.540928997394184;0.025224823037323
12/09/12;2; 23:00:00;14918400;6401979;8136929;379492;201;0.440334239682925;0.0254378485628486
13/09/12;3; 00:00:00;14918400;5339738;9189177;389485;201;0.367524897764217;0.0261076925139425
13/09/12;3; 01:00:00;14918400;4729346;9802898;386156;201;0.325438108526116;0.0258845452595453
13/09/12;3; 02:00:00;14918400;4163574;10372233;382593;201;0.286435696346271;0.0256457126769627
13/09/12;3; 03:00:00;14918400;4003995;10519662;394743;201;0.275687796813158;0.0264601431788932
13/09/12;3; 04:00:00;14918400;4000820;10532088;385492;201;0.275293836581089;0.0258400364650365
13/09/12;3; 05:00:00;14918400;4227147;10296304;394949;201;0.291056650378756;0.0264739516302016
13/09/12;3; 06:00:00;14918400;4999190;9470961;448249;201;0.345482918595666;0.0300467208279708
13/09/12;3; 07:00:00;14918400;5680796;8161493;1076111;201;0.410394263549909;0.0721331376018876
13/09/12;3; 08:00:00;14918400;6849108;6997390;1071902;201;0.494645505311162;0.0718510027885028
13/09/12;3; 09:00:00;14918400;8089874;6451053;377473;201;0.556352012495489;0.0253025123337623
13/09/12;3; 10:00:00;14918400;9469676;5068955;379769;201;0.651345783519783;0.0254564162376662
13/09/12;3; 11:00:00;14918400;10392070;4144266;382064;201;0.71490298518141;0.0256102531102531
13/09/12;3; 12:00:00;14918400;11053298;3480942;384160;201;0.76050058344984;0.0257507507507507
13/09/12;3; 13:00:00;14918400;10861293;3666870;390237;201;0.747602639094839;0.0261581000643501
13/09/12;3; 14:00:00;14918400;10277216;4249777;391407;201;0.707456525930728;0.0262365267052767
13/09/12;3; 15:00:00;14918400;9712588;4288834;916978;201;0.693685827053852;0.061466243028743
13/09/12;3; 16:00:00;14918400;9389136;3899084;1630180;201;0.706575899556148;0.109273112398112
13/09/12;3; 17:00:00;14918400;9645023;3637789;1635588;201;0.726128096972237;0.109635617760618
13/09/12;3; 18:00:00;14918400;10921899;2875612;1120889;201;0.791584728578944;0.0751346659159159
13/09/12;3; 19:00:00;14918400;11585645;2970090;362665;201;0.795950530838876;0.0243099125911626
13/09/12;3; 20:00:00;14918400;10972197;3572300;373903;201;0.754388206068591;0.0250632105319605
13/09/12;3; 21:00:00;14918400;9713233;4824667;380500;201;0.668131779693078;0.0255054161304161
13/09/12;3; 22:00:00;14918400;8199602;6344554;374244;201;0.563772968331748;0.0250860682110682
13/09/12;3; 23:00:00;14918400;6862116;7685288;370996;201;0.471707254435224;0.0248683504933505
14/09/12;4; 00:00:00;14918400;5670209;8865620;382571;201;0.390085009943361;0.025644237987988
14/09/12;4; 01:00:00;14918400;4796124;9739961;382315;201;0.329946061817883;0.025627077970828
14/09/12;4; 02:00:00;14918400;4120031;10420127;378242;201;0.283355311544758;0.0253540594165594
14/09/12;4; 03:00:00;14918400;3999889;10538659;379852;201;0.275123004030389;0.0254619798369798
14/09/12;4; 04:00:00;14918400;3959444;10577356;381600;201;0.272373837433273;0.0255791505791506
14/09/12;4; 05:00:00;14918400;4141060;10384254;393086;201;0.285092632076663;0.0263490722865723
14/09/12;4; 06:00:00;14918400;4847510;9620890;450000;201;0.335041193221089;0.0301640926640927
14/09/12;4; 07:00:00;14918400;5618391;8226955;1073054;201;0.405796359296474;0.0719282228657229
14/09/12;4; 08:00:00;14918400;6944390;6906575;1067435;201;0.501365067343683;0.0715515738953239
14/09/12;4; 09:00:00;14918400;8248737;6295263;374400;201;0.567157384488449;0.0250965250965251
14/09/12;4; 10:00:00;14918400;9488198;5064690;365512;201;0.651980417907428;0.0245007507507508
14/09/12;4; 11:00:00;14918400;10288894;4249213;380293;201;0.707718962310568;0.0254915406477906
14/09/12;4; 12:00:00;14918400;10745850;3794550;378000;201;0.739034001815631;0.0253378378378378
14/09/12;4; 13:00:00;14918400;10589222;3949814;379364;201;0.728330406500128;0.0254292685542686
14/09/12;4; 14:00:00;14918400;10176383;4357199;384818;201;0.700197858999935;0.0257948573573574
14/09/12;4; 15:00:00;14918400;9530999;4475123;912278;201;0.680488075143141;0.0611511958386958
14/09/12;4; 16:00:00;14918400;9124929;4164142;1629329;201;0.686649126940476;0.109216068747319
14/09/12;4; 17:00:00;14918400;9558538;3729655;1630207;201;0.719325644954133;0.109274922243672
14/09/12;4; 18:00:00;14918400;10639643;3150855;1127902;201;0.771519853742773;0.0756047565422565
14/09/12;4; 19:00:00;14918400;11514204;3034094;370102;201;0.791446807042308;0.0248084244959245
14/09/12;4; 20:00:00;14918400;11838648;2708952;370800;201;0.813787016415079;0.0248552123552124
14/09/12;4; 21:00:00;14918400;11667000;2877400;374000;201;0.802164406919502;0.0250697125697126
14/09/12;4; 22:00:00;14918400;10836623;3707386;374391;201;0.745091879412341;0.0250959218146718
14/09/12;4; 23:00:00;14918400;9780700;4768731;368969;201;0.672239347366918;0.024732478013728
15/09/12;5; 00:00:00;14918400;8528146;6021588;368666;201;0.586137588494745;0.0247121675246675
15/09/12;5; 01:00:00;14918400;6916299;7631301;370800;201;0.475425430998928;0.0248552123552124
15/09/12;5; 02:00:00;14918400;5173144;9371124;374132;201;0.355682664813382;0.0250785607035607
15/09/12;5; 03:00:00;14918400;4569318;9974650;374432;201;0.314172720952081;0.0250986700986701
15/09/12;5; 04:00:00;14918400;4269517;10270883;378000;201;0.293631330637396;0.0253378378378378
15/09/12;5; 05:00:00;14918400;4240371;10300203;377826;201;0.29162335682209;0.0253261743886744
15/09/12;5; 06:00:00;14918400;4487329;10058511;372560;201;0.308495693614119;0.0249731874731875
15/09/12;5; 07:00:00;14918400;4939630;9607590;371180;201;0.339558348605438;0.0248806842556843
15/09/12;5; 08:00:00;14918400;5786232;8762143;370025;201;0.39772359455953;0.0248032630845131
15/09/12;5; 09:00:00;14918400;6807051;7741299;370050;201;0.467891616575075;0.0248049388674389
15/09/12;5; 10:00:00;14918400;8097326;6451952;369122;201;0.556544867724708;0.0247427338052338
15/09/12;5; 11:00:00;14918400;9036644;5507099;374657;201;0.621342387582069;0.0251137521450021
15/09/12;5; 12:00:00;14918400;9526886;5017114;374400;201;0.655038916391639;0.0250965250965251
15/09/12;5; 13:00:00;14918400;9527616;5016970;373814;201;0.655062715432395;0.0250572447447447
15/09/12;5; 14:00:00;14918400;9424826;5119941;373633;201;0.64798741705522;0.0250451120763621
15/09/12;5; 15:00:00;14918400;9172813;5369867;375720;201;0.63075120954322;0.0251850064350064
15/09/12;5; 16:00:00;14918400;9330709;5213291;374400;201;0.641550398789879;0.0250965250965251
15/09/12;5; 17:00:00;14918400;10472744;4071256;374400;201;0.720073157315732;0.0250965250965251
15/09/12;5; 18:00:00;14918400;12076785;2464577;377038;201;0.830512643863759;0.0252733537108537
15/09/12;5; 19:00:00;14918400;12720555;1819845;378000;201;0.874842163901956;0.0253378378378378
15/09/12;5; 20:00:00;14918400;12796963;1746082;375355;201;0.879936973309235;0.02516054000429
15/09/12;5; 21:00:00;14918400;12331722;2210868;375810;201;0.847972885160071;0.0251910392535393
15/09/12;5; 22:00:00;14918400;11719103;2821297;378000;201;0.805968405270832;0.0253378378378378
15/09/12;5; 23:00:00;14918400;10124646;4415754;378000;201;0.696311380704795;0.0253378378378378
16/09/12;6; 00:00:00;14918400;9317793;5222607;378000;201;0.640820954031526;0.0253378378378378
16/09/12;6; 01:00:00;14918400;7900409;6636706;381285;201;0.543464710845309;0.0255580357142857
16/09/12;6; 02:00:00;14918400;5820122;8716678;381600;201;0.400371608607121;0.0255791505791506
16/09/12;6; 03:00:00;14918400;5105042;9434822;378536;201;0.351106585316066;0.0253737666237666
16/09/12;6; 04:00:00;14918400;4891214;9645869;381317;201;0.336464612604881;0.0255601807164307
16/09/12;6; 05:00:00;14918400;4965721;9568409;384270;201;0.341659321885796;0.0257581241956242
16/09/12;6; 06:00:00;14918400;5411230;9125570;381600;201;0.372243547410709;0.0255791505791506
16/09/12;6; 07:00:00;14918400;6936653;7600147;381600;201;0.477178815145011;0.0255791505791506
16/09/12;6; 08:00:00;14918400;8671183;5855794;391423;201;0.596902094634004;0.0262375992063492
16/09/12;6; 09:00:00;14918400;10184558;4337842;396000;201;0.701299922877761;0.0265444015444015
16/09/12;6; 10:00:00;14918400;11428143;3095039;395218;201;0.786889746337958;0.0264919830544831
16/09/12;6; 11:00:00;14918400;11918400;2591386;408614;201;0.821404257788502;0.0273899345774346
16/09/12;6; 12:00:00;14918400;12085921;2419375;413104;201;0.833207471257395;0.0276909051909052
16/09/12;6; 13:00:00;14918400;12144113;2367410;406877;201;0.836859990505476;0.0272735011797512
16/09/12;6; 14:00:00;14918400;12040714;2475675;402011;201;0.829456554243621;0.0269473267910768
16/09/12;6; 15:00:00;14918400;11792986;2712668;412746;201;0.812992368355126;0.027666907979408
16/09/12;6; 16:00:00;14918400;11626633;2888349;403418;201;0.801009122849756;0.0270416398541399
16/09/12;6; 17:00:00;14918400;11219641;3300522;398237;201;0.772693874028825;0.0266943506006006
16/09/12;6; 18:00:00;14918400;11279462;3238799;400139;201;0.776915499728239;0.0268218441655942
16/09/12;6; 19:00:00;14918400;11011035;3498058;409307;201;0.758905811686506;0.0274363872801373
16/09/12;6; 20:00:00;14918400;10262262;4255473;400665;201;0.706877622439038;0.0268571026383526
16/09/12;6; 21:00:00;14918400;8808147;5717681;392572;201;0.606378307659983;0.0263146181896182
16/09/12;6; 22:00:00;14918400;7118572;7384583;415245;201;0.49082920233563;0.0278344192406692
16/09/12;6; 23:00:00;14918400;5938856;8563978;415566;201;0.409496240527886;0.0278559362934363
17/09/12;0; 00:00:00;14918400;4957368;9548762;412270;201;0.34174297348776;0.0276350010725011
17/09/12;0; 01:00:00;14918400;4512910;9991335;414155;201;0.311144082301423;0.0277613551051051
17/09/12;0; 02:00:00;14918400;4214521;10280786;423093;201;0.290750723665253;0.028360481016731
17/09/12;0; 03:00:00;14918400;4152730;10340870;424800;201;0.286521637136391;0.0284749034749035
17/09/12;0; 04:00:00;14918400;4175987;10315061;427352;201;0.288177017976892;0.0286459673959674
17/09/12;0; 05:00:00;14918400;4431647;10050848;435905;201;0.306000243742532;0.0292192862505363
17/09/12;0; 06:00:00;14918400;5050352;9386897;481151;201;0.349814012350968;0.0322521852209352
17/09/12;0; 07:00:00;14918400;5678326;8148079;1091995;201;0.410687087496714;0.073197863041613
17/09/12;0; 08:00:00;14918400;6706196;7128575;1083629;201;0.484734875626058;0.072637079043329
17/09/12;0; 09:00:00;14918400;7696854;6835137;386409;201;0.529648965513397;0.0259015041827542
17/09/12;0; 10:00:00;14918400;8960879;5577357;380164;201;0.616366318444686;0.0254828936078936
17/09/12;0; 11:00:00;14918400;9841286;4694405;382709;201;0.677042873297183;0.0256534883097383
17/09/12;0; 12:00:00;14918400;10409892;4121136;387372;201;0.716390609115886;0.0259660553410553
17/09/12;0; 13:00:00;14918400;10409022;4122596;386782;201;0.716301653401569;0.0259265068640069
17/09/12;0; 14:00:00;14918400;9895408;4643667;379325;201;0.680607810331813;0.0254266543329043
17/09/12;0; 15:00:00;14918400;9477125;4525452;915823;201;0.676812918079294;0.0613888218575719
17/09/12;0; 16:00:00;14918400;9259569;4018075;1640756;201;0.697380423816153;0.109982035607036
17/09/12;0; 17:00:00;14918400;9625877;3658060;1634463;201;0.724625312510892;0.109560207528958
17/09/12;0; 18:00:00;14918400;10591518;3191475;1135407;201;0.768448333391739;0.0761078265765766
17/09/12;0; 19:00:00;14918400;10930124;3600559;387717;201;0.752209927090144;0.0259891811454311
17/09/12;0; 20:00:00;14918400;10486080;4051323;380997;201;0.721317280672483;0.0255387306949807
17/09/12;0; 21:00:00;14918400;9084910;5456606;376884;201;0.624756731003838;0.0252630308880309
17/09/12;0; 22:00:00;14918400;7182453;7354535;381412;201;0.494081236085494;0.0255665486915487
17/09/12;0; 23:00:00;14918400;5534661;8994939;388800;201;0.380923149983482;0.0260617760617761
18/09/12;1; 00:00:00;14918400;4765779;9763821;388800;201;0.328004831516353;0.0260617760617761
18/09/12;1; 01:00:00;14918400;4369527;10155211;393662;201;0.300833447047375;0.0263876823251823
18/09/12;1; 02:00:00;14918400;4040843;10477957;399600;201;0.27831797393724;0.0267857142857143
18/09/12;1; 03:00:00;14918400;3945434;10573366;399600;201;0.271746563076838;0.0267857142857143
18/09/12;1; 04:00:00;14918400;3943975;10573671;400754;201;0.271667665680786;0.0268630684255684
18/09/12;1; 05:00:00;14918400;4221675;10272324;424401;201;0.291270545830726;0.028448157979408
18/09/12;1; 06:00:00;14918400;5045346;9398207;474847;201;0.349314742709083;0.0318296197983698
18/09/12;1; 07:00:00;14918400;5645598;8185671;1087131;201;0.408176429798307;0.0728718227155727
18/09/12;1; 08:00:00;14918400;6761191;7082187;1075022;201;0.488406153469189;0.0720601404976405
18/09/12;1; 09:00:00;14918400;7989781;6536079;392540;201;0.550038414248795;0.0263124731874732
18/09/12;1; 10:00:00;14918400;9216902;5313584;387914;201;0.634314777909011;0.0260023863148863
18/09/12;1; 11:00:00;14918400;10202050;4328229;388121;201;0.702123476087417;0.0260162617975118
18/09/12;1; 12:00:00;14918400;10629673;3904740;383987;201;0.731345187452703;0.0257391543329043
18/09/12;1; 13:00:00;14918400;10685965;3839952;392483;201;0.7356482210383;0.0263086524024024
18/09/12;1; 14:00:00;14918400;10086546;4441609;390245;201;0.694275770047883;0.0261586363148863
18/09/12;1; 15:00:00;14918400;9449047;4554816;914537;201;0.674745746941398;0.0613026195838696
18/09/12;1; 16:00:00;14918400;9223417;4046076;1648907;201;0.695084356274953;0.110528407872158
18/09/12;1; 17:00:00;14918400;9809731;3461374;1647295;201;0.739179668912272;0.110420353389103
18/09/12;1; 18:00:00;14918400;10888376;2884736;1145288;201;0.790553071811222;0.076770163020163
18/09/12;1; 19:00:00;14918400;11653389;2871468;393543;201;0.802306625118581;0.0263797055984556
18/09/12;1; 20:00:00;14918400;11464551;3045864;407985;201;0.790091186227272;0.0273477718790219
18/09/12;1; 21:00:00;14918400;10181574;4335569;401257;201;0.701348330039871;0.0268967851780352
18/09/12;1; 22:00:00;14918400;8079719;6444707;393974;201;0.556284909296932;0.0264085960960961
18/09/12;1; 23:00:00;14918400;5961025;8554032;403343;201;0.410678717968521;0.0270366125053625
19/09/12;2; 00:00:00;14918400;5039960;9469086;409354;201;0.347366739343166;0.0274395377520378
19/09/12;2; 01:00:00;14918400;4430910;10077090;410400;201;0.305411497105046;0.0275096525096525
19/09/12;2; 02:00:00;14918400;4022736;10482346;413318;201;0.277332868576682;0.0277052498927499
19/09/12;2; 03:00:00;14918400;3957630;10544422;416348;201;0.272901379749569;0.0279083547833548
19/09/12;2; 04:00:00;14918400;3947143;10553657;417600;201;0.272201740593622;0.027992277992278
19/09/12;2; 05:00:00;14918400;4195228;10291571;431601;201;0.289589715436792;0.0289307834620335
19/09/12;2; 06:00:00;14918400;4978848;9456413;483139;201;0.344908761954495;0.0323854434791935
19/09/12;2; 07:00:00;14918400;5752738;8074189;1091473;201;0.416053256085029;0.0731628726941227
19/09/12;2; 08:00:00;14918400;6821563;7020478;1076359;201;0.492814824056655;0.0721497613685114
19/09/12;2; 09:00:00;14918400;8111770;6426918;379712;201;0.557943742929211;0.0254525954525955
19/09/12;2; 10:00:00;14918400;9423788;5121895;372717;201;0.647875249309366;0.0249837113899614
19/09/12;2; 11:00:00;14918400;10111835;4427131;379434;201;0.695498909619845;0.0254339607464607
19/09/12;2; 12:00:00;14918400;10804461;3739613;374326;201;0.742877202082443;0.0250915647790648
19/09/12;2; 13:00:00;14918400;10901958;3642000;374442;201;0.74958673560526;0.0250993404118404
19/09/12;2; 14:00:00;14918400;10384861;4165769;367770;201;0.713705248501268;0.0246521074646075
19/09/12;2; 15:00:00;14918400;9786827;4231342;900231;201;0.698153018414887;0.0603436695624196
19/09/12;2; 16:00:00;14918400;9664751;3631205;1622444;201;0.726894027025962;0.108754558129558
19/09/12;2; 17:00:00;14918400;10142772;3153076;1622552;201;0.762852583753966;0.108761797511798
19/09/12;2; 18:00:00;14918400;11322538;2476150;1119712;201;0.820551779995315;0.07505577005577
19/09/12;2; 19:00:00;14918400;11861727;2685796;370877;201;0.815377779433653;0.0248603737666238
19/09/12;2; 20:00:00;14918400;11615954;2928185;374261;201;0.798669072125892;0.0250872077434577
19/09/12;2; 21:00:00;14918400;10733062;3814152;371186;201;0.737808765307226;0.0248810864435864
19/09/12;2; 22:00:00;14918400;8510711;6038750;368939;201;0.584950260356724;0.0247304670742171
19/09/12;2; 23:00:00;14918400;6627997;7918045;372358;201;0.455656390927511;0.0249596471471471
20/09/12;3; 00:00:00;14918400;5482178;9068047;368175;201;0.37677616669158;0.0246792551480051
20/09/12;3; 01:00:00;14918400;4844257;9710543;363600;201;0.332828826229148;0.0243725868725869
20/09/12;3; 02:00:00;14918400;4242422;10307584;368394;201;0.291575274951777;0.024693935006435
20/09/12;3; 03:00:00;14918400;4129565;10418218;370617;201;0.283862152741761;0.0248429456241956
20/09/12;3; 04:00:00;14918400;4122265;10421735;374400;201;0.283434062156216;0.0250965250965251
20/09/12;3; 05:00:00;14918400;4386242;10148283;383875;201;0.301780897552552;0.0257316468253968
20/09/12;3; 06:00:00;14918400;5075948;9402128;440324;201;0.350595479675614;0.0295154976404976
20/09/12;3; 07:00:00;14918400;5769503;8082608;1066289;201;0.416507130212861;0.071474756006006
20/09/12;3; 08:00:00;14918400;7221105;6641024;1056271;201;0.520923229036463;0.0708032362719863
20/09/12;3; 09:00:00;14918400;8330816;6229541;358043;201;0.572157399712109;0.0240000938438438
20/09/12;3; 10:00:00;14918400;9444215;5103946;370239;201;0.649168991187271;0.0248176077863578
20/09/12;3; 11:00:00;14918400;10423638;4110728;384034;201;0.717171839487185;0.0257423048048048
20/09/12;3; 12:00:00;14918400;10933389;3604902;380109;201;0.752040869177815;0.0254792068854569
20/09/12;3; 13:00:00;14918400;10962718;3579831;375851;201;0.753837446241371;0.0251937875375375
20/09/12;3; 14:00:00;14922000;10554377;3990488;377135;201;0.725642829960952;0.0252737568690524
20/09/12;3; 15:00:00;14922000;9933178;4089708;899114;201;0.708354756645672;0.0602542554617344
20/09/12;3; 16:00:00;14922000;9355377;3955146;1611477;201;0.70285570296524;0.107993365500603
20/09/12;3; 17:00:00;14922000;9594098;3714189;1613713;201;0.720911564350844;0.108143211365769
20/09/12;3; 18:00:00;14922000;10865937;2946407;1109656;201;0.786683056836696;0.0743637582093553
20/09/12;3; 19:00:00;14922000;11580435;2988067;353498;201;0.794895384576946;0.0236897198766921
20/09/12;3; 20:00:00;14925600;11295118;3270546;359936;201;0.775461935686557;0.0241153454467492
20/09/12;3; 21:00:00;14925600;10086275;4467804;371521;201;0.693020492742962;0.0248915286487645
20/09/12;3; 22:00:00;14925600;8444566;6103788;377246;201;0.580448207405456;0.0252750978185132
20/09/12;3; 23:00:00;14925600;6921238;7629925;374437;201;0.47564844129641;0.0250868976791553
21/09/12;4; 00:00:00;14925600;5552699;8983306;389595;201;0.381996222483413;0.0261024682424827
21/09/12;4; 01:00:00;14925600;4730704;9803613;391283;201;0.325485125995257;0.0262155625234496
21/09/12;4; 02:00:00;14925600;4123931;10410362;391307;201;0.283737984365665;0.0262171704990084
21/09/12;4; 03:00:00;14925600;3993554;10540810;391236;201;0.274766339965065;0.0262124135713137
21/09/12;4; 04:00:00;14925600;3989304;10540042;396254;201;0.27456872456613;0.0265486144610602
21/09/12;4; 05:00:00;14925600;4272066;10237554;415980;201;0.294429902368222;0.0278702363724071
21/09/12;4; 06:00:00;14925600;5146307;9309377;469916;201;0.35600577599787;0.0314838934448196
21/09/12;4; 07:00:00;14925600;5863782;7968045;1093773;201;0.423934018260928;0.0732816771185078
21/09/12;4; 08:00:00;14925600;6990619;6845438;1089543;201;0.505246473037803;0.0729982714262743
21/09/12;4; 09:00:00;14925600;8215533;6321086;388981;201;0.565161197387095;0.0260613308677708
21/09/12;4; 10:00:00;14925600;9399833;5139720;386047;201;0.646500824337584;0.025864755855711
21/09/12;4; 11:00:00;14925600;10155952;4377792;391856;201;0.698784291232872;0.0262539529399153
21/09/12;4; 12:00:00;14925600;10750672;3784610;390318;201;0.739625966665112;0.0261509085061907
21/09/12;4; 13:00:00;14925600;10728030;3808763;388807;201;0.737991522614376;0.0260496730449697
21/09/12;4; 14:00:00;14925600;10212884;4320327;392389;201;0.702727291305411;0.0262896633971164
21/09/12;4; 15:00:00;14925600;9700029;4305261;920310;201;0.692597511368918;0.0616598327705419
21/09/12;4; 16:00:00;14925600;9610317;3673089;1642194;201;0.723482892866483;0.110025325615051
21/09/12;4; 17:00:00;14925600;10282885;2991733;1650982;201;0.774627563670759;0.110614112665487
21/09/12;4; 18:00:00;14925600;11214563;2562039;1148998;201;0.814029685984977;0.0769816958782227
21/09/12;4; 19:00:00;14925600;11874507;2667070;384023;201;0.816590043844626;0.0257291499169213
21/09/12;4; 20:00:00;14925600;12065698;2481231;378671;201;0.829432658948153;0.0253705713673152
21/09/12;4; 21:00:00;14925600;11751279;2778579;395742;201;0.808767642464228;0.0265143109824731
21/09/12;4; 22:00:00;14925600;10878416;3652700;394484;201;0.748629079831171;0.0264300262636008
21/09/12;4; 23:00:00;14925600;9321979;5214582;389039;201;0.641278153753147;0.0260652168087045
22/09/12;5; 00:00:00;14925600;7865447;6655284;404869;201;0.541670181756001;0.0271258106876775
22/09/12;5; 01:00:00;14925600;6556933;7951223;417444;201;0.451948062868913;0.0279683228814922
22/09/12;5; 02:00:00;14925600;4927413;9584867;413320;201;0.339534036002613;0.02769201908131
22/09/12;5; 03:00:00;14925600;4425003;10090197;410400;201;0.304853050595238;0.0274963820549928
22/09/12;5; 04:00:00;14925600;4182034;10313731;429835;201;0.288500399944398;0.0287985072626896
22/09/12;5; 05:00:00;14925600;4156937;10336663;432000;201;0.286811903184854;0.0289435600578871
22/09/12;5; 06:00:00;14925600;4373721;10119879;432000;201;0.30176912568306;0.0289435600578871
22/09/12;5; 07:00:00;14925600;4808374;9682491;434735;201;0.331821047259774;0.0291268022726055
22/09/12;5; 08:00:00;14925600;5508366;8974832;442402;201;0.380328018715204;0.0296404834646513
22/09/12;5; 09:00:00;14925600;6484605;8005065;435930;201;0.447532966589301;0.029206866055636
22/09/12;5; 10:00:00;14925600;7834300;6657171;434129;201;0.540614544927841;0.0290862008897465
22/09/12;5; 11:00:00;14925600;9107966;5368719;448915;201;0.62914721153358;0.030076847831913
22/09/12;5; 12:00:00;14929200;9875249;4613498;440453;201;0.681580608730348;0.0295027864855451
22/09/12;5; 13:00:00;14929200;10057971;4443997;427232;201;0.693559039711024;0.028617206548241
22/09/12;5; 14:00:00;14929200;9959367;4542722;427111;201;0.686753956619629;0.028609101626343
22/09/12;5; 15:00:00;14929200;9940573;4552357;436270;201;0.685891189704221;0.0292225973260456
22/09/12;5; 16:00:00;14929200;10230186;4271889;427125;201;0.705429119625985;0.0286100393859015
22/09/12;5; 17:00:00;14929200;10829216;3675184;424800;201;0.74661592344392;0.0284543043163733
22/09/12;5; 18:00:00;14929200;11748234;2755543;425423;201;0.810012040311982;0.0284960346167243
22/09/12;5; 19:00:00;14929200;12316294;2179003;433903;201;0.849675173954697;0.0290640489778421
22/09/12;5; 20:00:00;14929200;12434918;2060816;433466;201;0.857832932088848;0.0290347774830533
22/09/12;5; 21:00:00;14929200;11890786;2603926;434488;201;0.820353381288293;0.0291032339308201
22/09/12;5; 22:00:00;14929200;10805950;3689200;434050;201;0.745487283677644;0.0290738954532058
22/09/12;5; 23:00:00;14929200;10163276;4326148;439776;201;0.701427192688957;0.0294574391126115
23/09/12;6; 00:00:00;14929200;9205721;5291249;432230;201;0.635010005539088;0.0289519867106074
23/09/12;6; 01:00:00;14929200;7639394;6847610;442196;201;0.527327389431245;0.029619537550572
23/09/12;6; 02:00:00;14929200;5719141;8765694;444365;201;0.394836461720137;0.0297648232993061
23/09/12;6; 03:00:00;14929200;4993581;9486804;448815;201;0.344851397252214;0.0300628968732417
23/09/12;6; 04:00:00;14929200;4724032;9753847;451321;201;0.32629309859545;0.0302307558342041
23/09/12;6; 05:00:00;14929200;4797136;9678464;453600;201;0.331394622675399;0.0303834096937545
23/09/12;6; 06:00:00;14929200;5119179;9356928;453093;201;0.353629535896633;0.0303494494011735
23/09/12;6; 07:00:00;14929200;5721545;8763595;444060;201;0.394994111206381;0.029744393537497
23/09/12;6; 08:00:00;14929200;7149973;7334255;444972;201;0.493638528750031;0.0298054818744474
23/09/12;6; 09:00:00;14929200;9111874;5378275;439051;201;0.628832319115559;0.029408876564049
23/09/12;6; 10:00:00;14929200;10893289;3601398;434513;201;0.751536683751778;0.0291049085014602
23/09/12;6; 11:00:00;14929200;12026819;2466045;436336;201;0.829844190906642;0.0292270181925354
23/09/12;6; 12:00:00;14929200;12534506;1956727;437967;201;0.864971669422471;0.0293362671810948
23/09/12;6; 13:00:00;14929200;12822644;1666924;439632;201;0.88495695661872;0.0294477935857246
23/09/12;6; 14:00:00;14929200;12858865;1618442;451893;201;0.888208352561702;0.0302690700104493
23/09/12;6; 15:00:00;14929200;12777909;1698291;453000;201;0.882683922576367;0.0303432199983924
23/09/12;6; 16:00:00;14929200;12039507;2442476;447217;201;0.831343815277231;0.0299558583179273
23/09/12;6; 17:00:00;14929200;10827020;3656593;445587;201;0.747535853105161;0.0298466763121936
23/09/12;6; 18:00:00;14929200;10447328;4044932;436940;201;0.720890185519719;0.0292674758192
23/09/12;6; 19:00:00;14929200;10101620;4395355;432225;201;0.696808817011825;0.0289516517964794
23/09/12;6; 20:00:00;14929200;9349125;5155144;424931;201;0.644577468881748;0.0284630790665273
23/09/12;6; 21:00:00;14929200;7897275;6599270;432655;201;0.544769460585264;0.0289804544114889
23/09/12;6; 22:00:00;14929200;6507689;7982311;439200;201;0.449115873015873;0.0294188570050639
23/09/12;6; 23:00:00;14929200;5407025;9082975;439200;201;0.373155624568668;0.0294188570050639
24/09/12;0; 00:00:00;14929200;4693030;9796970;439200;201;0.32388060731539;0.0294188570050639
24/09/12;0; 01:00:00;14929200;4370355;10117827;441018;201;0.301649647968254;0.0295406317820111
24/09/12;0; 02:00:00;14929200;4130936;10355464;442800;201;0.285159597967749;0.0296599951772366
24/09/12;0; 03:00:00;14929200;4152199;10334647;442354;201;0.286618564178842;0.0296301208370174
24/09/12;0; 04:00:00;14929200;4165435;10324257;439508;201;0.287475744826046;0.0294394877153498
24/09/12;0; 05:00:00;14929200;4418483;10054834;455883;201;0.305284752624433;0.0305363314846073
24/09/12;0; 06:00:00;14929200;5117656;9305622;505922;201;0.354819202680556;0.0338880850949816
24/09/12;0; 07:00:00;14929200;5579278;8227383;1122539;201;0.40410045556996;0.0751908340701444
24/09/12;0; 08:00:00;14929200;6630984;7178534;1119682;201;0.480174905452891;0.0749994641373952
24/09/12;0; 09:00:00;14929200;7842388;6659519;427293;201;0.540783222509977;0.0286212925006028
24/09/12;0; 10:00:00;14929200;8819645;5688355;421200;201;0.607915977391784;0.0282131661442006
24/09/12;0; 11:00:00;14929200;9630278;4870522;428400;201;0.66412046231932;0.0286954424885459
24/09/12;0; 12:00:00;14929200;10079444;4423340;426416;201;0.695000628844779;0.0285625485625486
24/09/12;0; 13:00:00;14929200;10203979;4300421;424800;201;0.703509210998042;0.0284543043163733
24/09/12;0; 14:00:00;14929200;9780741;4725911;422548;201;0.674224555741738;0.0283034589931142
24/09/12;0; 15:00:00;14929200;9242163;4737627;949410;201;0.66110885785838;0.0635941644562334
24/09/12;0; 16:00:00;14929200;8735691;4519799;1673710;201;0.659024374051808;0.11210982504086
24/09/12;0; 17:00:00;14929200;8830637;4424905;1673658;201;0.66618452870505;0.112106341933928
24/09/12;0; 18:00:00;14929200;10009827;3749373;1170000;201;0.727500654107797;0.0783699059561129
24/09/12;0; 19:00:00;14929200;10405528;4107547;416125;201;0.716976106028529;0.0278732283042628
24/09/12;0; 20:00:00;14929200;9817726;4700089;411385;201;0.676253692446143;0.0275557297109021
24/09/12;0; 21:00:00;14929200;8272441;6249457;407302;201;0.569652878707728;0.027282238833963
24/09/12;0; 22:00:00;14929200;6741265;7773216;414719;201;0.464450985191961;0.0277790504514642
24/09/12;0; 23:00:00;14929200;5604142;8903858;421200;201;0.386279432037497;0.0282131661442006
25/09/12;1; 00:00:00;14929200;4781918;9728085;419197;201;0.329560097265314;0.0280789995445168
25/09/12;1; 01:00:00;14929200;4437462;10074138;417600;201;0.305787232283139;0.027972027972028
25/09/12;1; 02:00:00;14929200;4171776;10337195;420229;201;0.287530797325324;0.0281481258205396
25/09/12;1; 03:00:00;14929200;4097600;10411877;419723;201;0.28240852513154;0.0281142325107842
25/09/12;1; 04:00:00;14929200;4140229;10371937;417034;201;0.28529366326157;0.0279341156927364
25/09/12;1; 05:00:00;14929200;4390352;10127646;411202;201;0.302407535804868;0.0275434718538167
25/09/12;1; 06:00:00;14929200;5131662;9331838;465700;201;0.35480084350261;0.0311939018835571
25/09/12;1; 07:00:00;14929200;5816239;8024616;1088345;201;0.420222522380301;0.0729004233314578
25/09/12;1; 08:00:00;14929200;6923252;6916913;1089035;201;0.500229007385389;0.0729466414811242
25/09/12;1; 09:00:00;14929200;8125711;6402439;401050;201;0.55930803302554;0.0268634622082898
25/09/12;1; 10:00:00;14929200;9312273;5224377;392550;201;0.640606535893758;0.0262941081906599
25/09/12;1; 11:00:00;14929200;10050513;4478682;400005;201;0.691746032729274;0.0267934651555341
25/09/12;1; 12:00:00;14932800;10616908;3913559;402333;201;0.730665297956356;0.0269429042108647
25/09/12;1; 13:00:00;14932800;10491196;4043548;398056;201;0.7218012233308;0.0266564877317047
25/09/12;1; 14:00:00;14932800;10185649;4349961;397190;201;0.700737636741767;0.0265984945890925
25/09/12;1; 15:00:00;14932800;9443688;4559067;930045;201;0.674416427338763;0.0622820234651238
25/09/12;1; 16:00:00;14932800;9334031;3947252;1651517;201;0.702795881994232;0.11059660612879
25/09/12;1; 17:00:00;14932800;10042416;3241833;1648551;201;0.755964149723481;0.110397982963677
25/09/12;1; 18:00:00;14932800;11078678;2704955;1149167;201;0.803756019911441;0.0769558957462766
25/09/12;1; 19:00:00;14932800;11674139;2854172;404489;201;0.803544128426216;0.0270872843672988
25/09/12;1; 20:00:00;14932800;11556141;2965826;410833;201;0.795769677757841;0.027512120968606
25/09/12;1; 21:00:00;14936400;10211443;4320260;404697;201;0.702701053001152;0.0270946814493452
25/09/12;1; 22:00:00;14936400;7551130;6970391;414879;201;0.519995804847164;0.027776371816502
25/09/12;1; 23:00:00;14936400;5795973;8707716;432711;201;0.399620606867673;0.028970233791275
26/09/12;2; 00:00:00;14936400;4803362;9702960;430078;201;0.331121975646204;0.0287939530275033
26/09/12;2; 01:00:00;14936400;4360964;10147036;428400;201;0.30059029500965;0.0286816100265124
26/09/12;2; 02:00:00;14936400;4071282;10432441;432677;201;0.280705995281349;0.0289679574730189
26/09/12;2; 03:00:00;14936400;4014978;10489422;432000;201;0.276811036650947;0.0289226319595083
26/09/12;2; 04:00:00;14936400;4020862;10483538;432000;201;0.277216706654532;0.0289226319595083
26/09/12;2; 05:00:00;14936400;4311644;10177793;446963;201;0.297571534352922;0.029924412843791
26/09/12;2; 06:00:00;14936400;5064230;9364363;507807;201;0.350985712882746;0.0339979513135695
26/09/12;2; 07:00:00;14936400;5585516;8220484;1130400;201;0.404571635520788;0.0756808869607134
26/09/12;2; 08:00:00;14936400;6811282;7001190;1123928;201;0.493125488326782;0.0752475830856163
26/09/12;2; 09:00:00;14936400;8227032;6277636;431732;201;0.567198918306851;0.0289046892156075
26/09/12;2; 10:00:00;14936400;9459464;5044469;432467;201;0.652199923979241;0.0289538978602608
26/09/12;2; 11:00:00;14936400;10259920;4237280;439200;201;0.707717352316309;0.0294046758255001
26/09/12;2; 12:00:00;14936400;10666785;3836059;433556;201;0.735496086146965;0.0290268069949921
26/09/12;2; 13:00:00;14936400;10534297;3961713;440390;201;0.726703210055733;0.0294843469644627
26/09/12;2; 14:00:00;14936400;10097641;4397108;441651;201;0.696641314727147;0.0295687715915482
26/09/12;2; 15:00:00;14936400;9590354;4381074;964972;201;0.686426183493913;0.0646053935352562
26/09/12;2; 16:00:00;14936400;9516661;3735042;1684697;201;0.718146263917928;0.112791368736777
26/09/12;2; 17:00:00;14936400;10194404;3058515;1683481;201;0.769219520620325;0.112709956883854
26/09/12;2; 18:00:00;14936400;11254151;2507500;1174749;201;0.81779075780951;0.0786500763236121
26/09/12;2; 19:00:00;14936400;11527850;2990950;417600;201;0.793994682756151;0.0279585442275247
26/09/12;2; 20:00:00;14936400;10926435;3578873;431092;201;0.753271492063457;0.0288618408719638
26/09/12;2; 21:00:00;14936400;9819136;4675116;442148;201;0.677450343763859;0.029602046008409
26/09/12;2; 22:00:00;14936400;8053836;6450319;432245;201;0.555277849692037;0.0289390348410594
26/09/12;2; 23:00:00;14936400;6536479;7968951;430970;201;0.450622904663978;0.0288536729064567
27/09/12;3; 00:00:00;14936400;5454874;9044787;436739;201;0.376207002356814;0.0292399105540826
27/09/12;3; 01:00:00;14936400;4770027;9717914;448459;201;0.329241194452683;0.0300245708470582
27/09/12;3; 02:00:00;14936400;4224178;10265404;446818;201;0.291532081463772;0.0299147050159342
27/09/12;3; 03:00:00;14936400;4144258;10342142;450000;201;0.286079219129666;0.0301277416244878
27/09/12;3; 04:00:00;14936400;4216811;10269819;449770;201;0.291082950278981;0.0301123430009909
27/09/12;3; 05:00:00;14936400;4457461;10020270;458669;201;0.307883949494572;0.0307081358292494
27/09/12;3; 06:00:00;14936400;5090701;9336386;509313;201;0.352857163750382;0.0340987788222062
27/09/12;3; 07:00:00;14940000;5791401;8018199;1130400;201;0.419375;0.0756626506024096
27/09/12;3; 08:00:00;14940000;6971678;6839920;1128402;201;0.504769831847119;0.0755289156626506
27/09/12;3; 09:00:00;14940000;8361446;6141831;436723;201;0.576521154494946;0.0292317938420348
27/09/12;3; 10:00:00;14940000;9741155;4763984;434861;201;0.671565780927711;0.0291071619812584
27/09/12;3; 11:00:00;14940000;10408512;4093940;437548;201;0.717707047056594;0.0292870147255689
27/09/12;3; 12:00:00;14940000;10870290;3633436;436274;201;0.749482581234643;0.0292017402945114
27/09/12;3; 13:00:00;14940000;11103395;3397249;439356;201;0.765717370897458;0.0294080321285141
27/09/12;3; 14:00:00;14940000;10746577;3750338;443085;201;0.74130095954898;0.0296576305220884
27/09/12;3; 15:00:00;14940000;9836354;4131646;972000;201;0.704206328751432;0.0650602409638554
27/09/12;3; 16:00:00;14940000;9480841;3763350;1695809;201;0.715849008822056;0.11350796519411
27/09/12;3; 17:00:00;14940000;9589724;3655782;1694494;201;0.723998313088228;0.113419946452477
27/09/12;3; 18:00:00;14940000;10728291;3024398;1187311;201;0.78008678884544;0.0794719544846051
27/09/12;3; 19:00:00;14940000;11331514;3183088;425398;201;0.780697534799783;0.0284737617135207
27/09/12;3; 20:00:00;14940000;10975264;3532112;432624;201;0.756529919676722;0.0289574297188755
27/09/12;3; 21:00:00;14940000;9839491;4668509;432000;201;0.678211400606562;0.0289156626506024
27/09/12;3; 22:00:00;14940000;8023966;6482272;433762;201;0.553139001304129;0.0290336010709505
27/09/12;3; 23:00:00;14940000;6664483;7838546;436971;201;0.459523524361704;0.0292483935742972
28/09/12;4; 00:00:00;14940000;5478681;9015460;445859;201;0.377992804126854;0.0298433065595716
28/09/12;4; 01:00:00;14940000;4695189;9804257;440554;201;0.323818510031349;0.029488219544846
28/09/12;4; 02:00:00;14940000;4081510;10419290;439200;201;0.281467919011365;0.0293975903614458
28/09/12;4; 03:00:00;14940000;3974481;10517938;447581;201;0.274245521054836;0.0299585676037483
28/09/12;4; 04:00:00;14940000;4007347;10486215;446438;201;0.27649152085595;0.0298820615796519
28/09/12;4; 05:00:00;14940000;4240280;10242520;457200;201;0.292780401579805;0.0306024096385542
28/09/12;4; 06:00:00;14940000;5027559;9397604;514837;201;0.348527014911374;0.0344603078982597
28/09/12;4; 07:00:00;14940000;5802870;7997348;1139782;201;0.420491183545072;0.0762906291834003
28/09/12;4; 08:00:00;14940000;6875902;6930587;1133511;201;0.498019590643211;0.0758708835341365
28/09/12;4; 09:00:00;14943600;8099428;6409492;434680;201;0.558237828866656;0.029088037688375
28/09/12;4; 10:00:00;14943600;9458399;5051517;433684;201;0.651857598624279;0.0290213870820953
28/09/12;4; 11:00:00;14943600;10166356;4336037;441207;201;0.70101230879621;0.0295248132980005
28/09/12;4; 12:00:00;14943600;10581069;3924413;438118;201;0.729453112967911;0.0293181027329425
28/09/12;4; 13:00:00;14943600;10641604;3868288;433708;201;0.733403391286441;0.0290229931208009
28/09/12;4; 14:00:00;14943600;10078433;4427107;438060;201;0.694798883736834;0.0293142214727375
28/09/12;4; 15:00:00;14947200;9569771;4416229;961200;201;0.684239310739311;0.0643063583815029
28/09/12;4; 16:00:00;14947200;9168589;4093811;1684800;201;0.691322008083002;0.11271676300578
28/09/12;4; 17:00:00;14947200;9513207;3745756;1688237;201;0.717492536935204;0.112946705737529
28/09/12;4; 18:00:00;14947200;10398224;3360292;1188684;201;0.755766392247536;0.0795255298651252
28/09/12;4; 19:00:00;14947200;10898801;3620435;427964;201;0.75064562625747;0.0286317169770927
28/09/12;4; 20:00:00;14947200;11235421;3286979;424800;201;0.773661447143723;0.0284200385356455
28/09/12;4; 21:00:00;14947200;10955217;3551120;440863;201;0.755202157512265;0.0294946879683151
28/09/12;4; 22:00:00;14947200;10078481;4427188;441531;201;0.694796013889466;0.0295393786127168
28/09/12;4; 23:00:00;14947200;8854148;5657120;435932;201;0.610156741643804;0.0291647934061229
29/09/12;5; 00:00:00;14947200;7698005;6807180;442015;201;0.530707123004636;0.0295717592592593
29/09/12;5; 01:00:00;14947200;6320807;8174494;451899;201;0.436059037339066;0.0302330202312139
29/09/12;5; 02:00:00;14947200;4680638;9820162;446400;201;0.322784811872448;0.0298651252408478
29/09/12;5; 03:00:00;14947200;4030661;10468112;448427;201;0.278000145253671;0.0300007359237851
29/09/12;5; 04:00:00;14947200;3885433;10606379;455388;201;0.268112296792147;0.0304664418754014
29/09/12;5; 05:00:00;14947200;3905583;10584417;457200;201;0.269536438923395;0.0305876685934489
29/09/12;5; 06:00:00;14947200;4147495;10342505;457200;201;0.286231538992409;0.0305876685934489
29/09/12;5; 07:00:00;14947200;4636725;9850044;460431;201;0.320066192813594;0.0308038294797688
29/09/12;5; 08:00:00;14947200;5507767;8979037;460396;201;0.380192000940994;0.0308014879040891
29/09/12;5; 09:00:00;14947200;6666500;7825218;455482;201;0.460021372207215;0.0304727306786555
29/09/12;5; 10:00:00;14947200;7955954;6534046;457200;201;0.549065148378192;0.0305876685934489
29/09/12;5; 11:00:00;14947200;9069405;5411625;466170;201;0.626295574278901;0.0311877809890816
29/09/12;5; 12:00:00;14947200;9553422;4929378;464400;201;0.659639158173834;0.0310693641618497
29/09/12;5; 13:00:00;14947200;9742178;4739253;465769;201;0.672735864294074;0.0311609532220081
29/09/12;5; 14:00:00;14947200;9561955;4918754;466491;201;0.660323676140443;0.0312092565831728
29/09/12;5; 15:00:00;14947200;9244015;5234343;468842;201;0.638471227193028;0.0313665435666881
29/09/12;5; 16:00:00;14947200;9373036;5110215;463949;201;0.647163817018707;0.0310391912866624
29/09/12;5; 17:00:00;14947200;9815737;4674542;456921;201;0.677401518631905;0.0305690028901734
29/09/12;5; 18:00:00;14947200;11096269;3393112;457819;201;0.765820775918585;0.030629081031899
29/09/12;5; 19:00:00;14947200;11918643;2565832;462725;201;0.822856403148889;0.0309573030400343
29/09/12;5; 20:00:00;14947200;12239915;2247876;459409;201;0.844843427131162;0.0307354554699208
29/09/12;5; 21:00:00;14947200;12110651;2376726;459823;201;0.835945043743943;0.0307631529651038
29/09/12;5; 22:00:00;14947200;11378581;3106563;462056;201;0.785534544910289;0.0309125454934703
29/09/12;5; 23:00:00;14947200;10091184;4399605;456411;201;0.696386097402978;0.0305348827874117
30/09/12;6; 00:00:00;14947200;8787030;5689529;470641;201;0.606983330776326;0.031486900556626
30/09/12;6; 01:00:00;14947200;7384575;7089501;473124;201;0.510193189534171;0.031653018625562
30/09/12;6; 02:00:00;14947200;5479500;8998765;468935;201;0.378463855993795;0.0313727654677799
30/09/12;6; 03:00:00;14947200;4795406;9682186;469608;201;0.331229530435724;0.0314177906229929
30/09/12;6; 04:00:00;14947200;4617157;9852561;477482;201;0.319091014766148;0.031944578248769
30/09/12;6; 05:00:00;14947200;4683155;9785245;478800;201;0.323681609576733;0.0320327552986513
30/09/12;6; 06:00:00;14947200;5029026;9439374;478800;201;0.347586878991457;0.0320327552986513
30/09/12;6; 07:00:00;14947200;5679895;8788505;478800;201;0.392572433717619;0.0320327552986513
30/09/12;6; 08:00:00;14947200;7047605;7417962;481633;201;0.487198669779069;0.0322222891243845
30/09/12;6; 09:00:00;14947200;8708638;5758318;480244;201;0.601967545902538;0.0321293620209805
30/09/12;6; 10:00:00;14947200;10054578;4407301;485321;201;0.695247000752807;0.0324690242988653
30/09/12;6; 11:00:00;14947200;10988602;3458198;500400;201;0.760625328792535;0.0334778420038536
30/09/12;6; 12:00:00;14947200;11563971;2882829;500400;201;0.800452072431265;0.0334778420038536
30/09/12;6; 13:00:00;14947200;12056612;2393328;497260;201;0.83437107697333;0.033267769214301
30/09/12;6; 14:00:00;14947200;12275881;2171382;499937;201;0.849702881438512;0.0334468663027189
30/09/12;6; 15:00:00;14947200;12150193;2309366;487641;201;0.840287936858932;0.03262423731535
30/09/12;6; 16:00:00;14947200;11772535;2692265;482400;201;0.813874716553288;0.0322736030828516
30/09/12;6; 17:00:00;14947200;11105925;3351639;489636;201;0.768174016037557;0.0327577071290944
30/09/12;6; 18:00:00;14947200;11038736;3419061;489403;201;0.763514386043738;0.0327421189252837
30/09/12;6; 19:00:00;14947200;11071904;3387080;488216;201;0.765745642985704;0.0326627060586598
30/09/12;6; 20:00:00;14947200;10574173;3884986;488041;201;0.731313142071403;0.0326509981802612
30/09/12;6; 21:00:00;14947200;9017496;5423326;506378;201;0.624444785760811;0.0338777831299508
30/09/12;6; 22:00:00;14947200;6986751;7454124;506325;201;0.483817704952089;0.03387423731535
30/09/12;6; 23:00:00;14947200;5670906;8765094;511200;201;0.392830839567747;0.0342003853564547
01/10/12;0; 00:00:00;14947200;4831093;9596975;519132;201;0.334839910651932;0.0347310533076429
01/10/12;0; 01:00:00;14947200;4447878;9971988;527334;201;0.308454877458639;0.0352797848426461
01/10/12;0; 02:00:00;14947200;4203447;10221753;522000;201;0.291396098494302;0.0349229287090559
01/10/12;0; 03:00:00;14947200;4128988;10296212;522000;201;0.286234367634418;0.0349229287090559
01/10/12;0; 04:00:00;14947200;4115035;10310882;521283;201;0.285252923609639;0.0348749598587026
01/10/12;0; 05:00:00;14947200;4353933;10072542;520725;201;0.301801583546916;0.0348376284521516
01/10/12;0; 06:00:00;14947200;4996177;9379434;571589;201;0.347545366941273;0.0382405400342539
01/10/12;0; 07:00:00;14947200;5501976;8250676;1194548;201;0.400066547164867;0.0799178441447228
01/10/12;0; 08:00:00;14947200;6621442;7132048;1193710;201;0.48143722066181;0.0798617801327339
01/10/12;0; 09:00:00;14947200;7796676;6657765;492759;201;0.53939657714885;0.0329666425818882
01/10/12;0; 10:00:00;14950800;9137526;5333757;479517;201;0.631424732693017;0.0320729994381572
01/10/12;0; 11:00:00;14950800;9794738;4653894;502168;201;0.677900717521216;0.0335880354228536
01/10/12;0; 12:00:00;14950800;10083287;4377836;489677;201;0.697268600785707;0.0327525617358268
01/10/12;0; 13:00:00;14950800;10082810;4385868;482122;201;0.696871545555164;0.0322472376060144
01/10/12;0; 14:00:00;14950800;9708148;4763489;479163;201;0.670839656909581;0.0320493217754234
01/10/12;0; 15:00:00;14950800;9276174;4670443;1004183;201;0.665120007239032;0.0671658372796105
01/10/12;0; 16:00:00;14950800;8911304;4318057;1721439;201;0.67360048607034;0.115140260052974
01/10/12;0; 17:00:00;14950800;8976990;4253633;1720177;201;0.678500929245735;0.115055849854188
01/10/12;0; 18:00:00;14950800;9942615;3781907;1226278;201;0.724441623540696;0.0820208952029323
01/10/12;0; 19:00:00;14950800;10506929;3977406;466465;201;0.725399474673846;0.0312000026754421
01/10/12;0; 20:00:00;14950800;10066203;4416597;468000;201;0.695045364156102;0.0313026727666747
01/10/12;0; 21:00:00;14950800;8838780;5637373;474647;201;0.610575199087769;0.0317472643604356
01/10/12;0; 22:00:00;14950800;7195056;7279506;476238;201;0.497082813283055;0.0318536800706317
01/10/12;0; 23:00:00;14950800;5720160;8760407;470233;201;0.395023205928331;0.0314520293228456
02/10/12;1; 00:00:00;14950800;4723490;9758679;468631;201;0.326159016650061;0.0313448778660674
02/10/12;1; 01:00:00;14950800;4258711;10213259;478830;201;0.294273067177447;0.032027048719801
02/10/12;1; 02:00:00;14950800;3878769;10589631;482400;201;0.268085551961516;0.0322658319287262
02/10/12;1; 03:00:00;14950800;3809265;10659092;482443;201;0.263282486048692;0.0322687080290018
02/10/12;1; 04:00:00;14950800;3820895;10643879;486026;201;0.264151724734863;0.032508360756615
02/10/12;1; 05:00:00;14950800;4011223;10438755;500822;201;0.277593709831254;0.033498006795623
02/10/12;1; 06:00:00;14950800;4838600;9552086;560114;201;0.336231365203855;0.0374638146453701
02/10/12;1; 07:00:00;14950800;5681641;8115976;1153183;201;0.411784223319143;0.077131859164727
02/10/12;1; 08:00:00;14950800;6885764;6916143;1148893;201;0.498899463675563;0.0768449179976991
02/10/12;1; 09:00:00;14950800;8109737;6397619;443444;201;0.559008616042786;0.0296602188511652
02/10/12;1; 10:00:00;14950800;9384406;5129743;436651;201;0.646569495738262;0.0292058618936779
02/10/12;1; 11:00:00;14954400;10173721;4335800;444879;201;0.701175524677899;0.029749037072701
02/10/12;1; 12:00:00;14954400;10640405;3862872;451123;201;0.73365522840114;0.0301665730487348
02/10/12;1; 13:00:00;14954400;10457577;4052395;444428;201;0.720716552726635;0.0297188787246563
02/10/12;1; 14:00:00;14954400;10017348;4503303;433749;201;0.689869069919799;0.0290047745145242
02/10/12;1; 15:00:00;14954400;9463771;4525070;965559;201;0.676522879915498;0.0645668833253089
02/10/12;1; 16:00:00;14954400;9131927;4144365;1678108;201;0.687837161159155;0.11221500026748
02/10/12;1; 17:00:00;14954400;9247173;4034811;1672416;201;0.69621925459329;0.111834376504574
02/10/12;1; 18:00:00;14954400;10518550;3260412;1175438;201;0.763377531631192;0.0786014818381212
02/10/12;1; 19:00:00;14954400;11060818;3470818;422764;201;0.761154353164365;0.0282702080992885
02/10/12;1; 20:00:00;14954400;10624295;3910764;419341;201;0.730942681416016;0.0280413122559247
02/10/12;1; 21:00:00;14954400;9119782;5417678;416940;201;0.627329808646077;0.0278807575028085
02/10/12;1; 22:00:00;14954400;7213125;7308204;433071;201;0.496726229396772;0.0289594366875301
02/10/12;1; 23:00:00;14954400;5774839;8747580;431981;201;0.397649936969867;0.0288865484405927
03/10/12;2; 00:00:00;14954400;4831567;9694433;428400;201;0.332615103951535;0.0286470871449206
03/10/12;2; 01:00:00;14954400;4185693;10337811;430896;201;0.288201318359536;0.028813994543412
03/10/12;2; 02:00:00;14954400;3799356;10715844;439200;201;0.261750165343915;0.0293692826191623
03/10/12;2; 03:00:00;14954400;3717424;10799986;436990;201;0.256066612432934;0.029221500026748
03/10/12;2; 04:00:00;14954400;3731892;10786908;435600;201;0.257038598231259;0.029128550794415
03/10/12;2; 05:00:00;14954400;3955299;10547522;451579;201;0.272726182030379;0.0301970657465361
03/10/12;2; 06:00:00;14954400;4702615;9752940;498845;201;0.325315423724651;0.0333577408655647
03/10/12;2; 07:00:00;14954400;5619113;8223928;1111359;201;0.405916084478837;0.0743165222275718
03/10/12;2; 08:00:00;14954400;6916752;6930027;1107621;201;0.499520646642804;0.0740665623495426
03/10/12;2; 09:00:00;14954400;8044377;6493431;416592;201;0.553341810539801;0.0278574867597496
03/10/12;2; 10:00:00;14954400;9289273;5258073;407054;201;0.638554482721453;0.0272196811640721
03/10/12;2; 11:00:00;14954400;10208059;4329620;416721;201;0.702179419424517;0.0278661129834697
03/10/12;2; 12:00:00;14958000;10690482;3839869;427649;201;0.735734601318303;0.0285899852921514
03/10/12;2; 13:00:00;14958000;10490889;4045839;421272;201;0.721681591620893;0.0281636582430806
03/10/12;2; 14:00:00;14958000;10085634;4454385;417981;201;0.693646548880026;0.0279436421981548
03/10/12;2; 15:00:00;14958000;9489913;4521796;946291;201;0.677284476861459;0.0632632036368498
03/10/12;2; 16:00:00;14958000;9048124;4239961;1669915;201;0.68092008743171;0.111640259392967
03/10/12;2; 17:00:00;14958000;9257605;4033595;1666800;201;0.696521382568918;0.111432009626955
03/10/12;2; 18:00:00;14958000;10518788;3272812;1166400;201;0.762695263783752;0.0779783393501805
03/10/12;2; 19:00:00;14958000;11319487;3225002;413511;201;0.778266393546037;0.0276448054552748
03/10/12;2; 20:00:00;14958000;11066991;3480609;410400;201;0.760743421595315;0.0274368231046931
03/10/12;2; 21:00:00;14958000;9695071;4852529;410400;201;0.666437831669829;0.0274368231046931
03/10/12;2; 22:00:00;14958000;7942246;6601107;414647;201;0.546108314911974;0.0277207514373579
03/10/12;2; 23:00:00;14958000;6327809;8205391;424800;201;0.435403696364187;0.0283995186522262
04/10/12;3; 00:00:00;14958000;5353297;9179903;424800;201;0.368349503206451;0.0283995186522262
04/10/12;3; 01:00:00;14958000;4643703;9890397;423900;201;0.319503994055359;0.0283393501805054
04/10/12;3; 02:00:00;14958000;4115346;10418328;424326;201;0.283159371814725;0.0283678299237866
04/10/12;3; 03:00:00;14958000;3994962;10538238;424800;201;0.274885228304847;0.0283995186522262
04/10/12;3; 04:00:00;14958000;4029719;10505238;423043;201;0.277243269450333;0.0282820564246557
04/10/12;3; 05:00:00;14958000;4277198;10246187;434615;201;0.294504208213168;0.0290556892632705
04/10/12;3; 06:00:00;14958000;4984387;9484013;489600;201;0.344501603494512;0.0327316486161252
04/10/12;3; 07:00:00;14958000;5622631;8224014;1111355;201;0.40606450154532;0.0742983687658778
04/10/12;3; 08:00:00;14958000;6802591;7048472;1106937;201;0.491124110835392;0.074003008423586
04/10/12;3; 09:00:00;14958000;8045868;6484590;427542;201;0.553724321697224;0.0285828319294023
04/10/12;3; 10:00:00;14958000;9388990;5151410;417600;201;0.645717449313637;0.0279181708784597
04/10/12;3; 11:00:00;14958000;10293651;4242898;421451;201;0.708122058406022;0.0281756250835673
04/10/12;3; 12:00:00;14958000;10949345;3582439;426216;201;0.753475622814102;0.0284941837144003
04/10/12;3; 13:00:00;14958000;10807155;3726877;423968;201;0.743575836354289;0.0283438962428132
04/10/12;3; 14:00:00;14958000;10469304;4071437;417259;201;0.719997969842115;0.0278953737130632
04/10/12;3; 15:00:00;14958000;9748757;4265541;943702;201;0.695629349397308;0.0630901189998663
04/10/12;3; 16:00:00;14958000;9295936;3987365;1674699;201;0.699821226666474;0.111960088247092
04/10/12;3; 17:00:00;14961600;9481619;3809941;1670040;201;0.713356370508804;0.111621751684312
04/10/12;3; 18:00:00;14961600;10677243;3116653;1167704;201;0.774055640262911;0.0780467329697359
04/10/12;3; 19:00:00;14968800;11391947;3165499;411354;201;0.782551211249556;0.02748075998076
04/10/12;3; 20:00:00;14968800;11099548;3445658;423594;201;0.763106964590257;0.0282984607984608
04/10/12;3; 21:00:00;14976000;9942886;4616479;416635;201;0.682920305933672;0.0278201789529915
04/10/12;3; 22:00:00;14990400;8378347;6202318;409735;201;0.574620361965658;0.0273331598889956
04/10/12;3; 23:00:00;14990400;6902827;7663807;423766;201;0.473879346457116;0.0282691589283808
05/10/12;4; 00:00:00;14889600;5572907;8982062;334631;201;0.382886902747783;0.0224741430260047
05/10/12;4; 01:00:00;14889600;4722061;9832781;334758;201;0.324432309193051;0.0224826724693746
05/10/12;4; 02:00:00;14889600;4004493;10550309;334798;201;0.275132083555654;0.0224853589082312
05/10/12;4; 03:00:00;14889600;3820709;10730491;338400;201;0.262570028588707;0.0227272727272727
05/10/12;4; 04:00:00;14889600;3870451;10678371;340778;201;0.266031916535923;0.0228869815173007
05/10/12;4; 05:00:00;14889600;4159082;10375310;355208;201;0.286154522321952;0.0238561143348377
05/10/12;4; 06:00:00;14889600;4928840;9548507;412253;201;0.340451879753936;0.02768731194928
05/10/12;4; 07:00:00;14889600;5662605;8196683;1030312;201;0.408578348324964;0.0691967547818612
05/10/12;4; 08:00:00;14889600;6924674;6941001;1023925;201;0.499411243953143;0.0687677976574253
05/10/12;4; 09:00:00;14889600;8342191;6217912;329497;201;0.572948625432114;0.0221293385987535
05/10/12;4; 10:00:00;14889600;9619397;4936861;333342;201;0.660842711086874;0.0223875725338491
05/10/12;4; 11:00:00;14889600;10253775;4297425;338400;201;0.704668687118588;0.0227272727272727
05/10/12;4; 12:00:00;14889600;10926550;3633756;329294;201;0.750434091151656;0.022115704921556
05/10/12;4; 13:00:00;14889600;10881648;3670671;337281;201;0.747760408495718;0.0226521196002579
05/10/12;4; 14:00:00;14889600;10384976;4176070;328554;201;0.713202609208157;0.0220660058027079
05/10/12;4; 15:00:00;14889600;9737484;4297592;854524;201;0.693796314319923;0.0573906619385343
05/10/12;4; 16:00:00;14889600;9332642;3965032;1591926;201;0.701825146262422;0.10691529658285
05/10/12;4; 17:00:00;14889600;9796113;3499201;1594286;201;0.736809450307078;0.107073796475392
05/10/12;4; 18:00:00;14889600;10676891;3132709;1080000;201;0.773149910207392;0.0725338491295938
05/10/12;4; 19:00:00;14889600;11308492;3264308;316800;201;0.775999945103206;0.0212765957446809
05/10/12;4; 20:00:00;14889600;11570194;2992806;326600;201;0.79449248094486;0.0219347732645605
05/10/12;4; 21:00:00;14889600;11307362;3259192;323046;201;0.776255111538391;0.021696083172147
05/10/12;4; 22:00:00;14889600;10210406;4361349;317845;201;0.700698440235922;0.0213467789598109
05/10/12;4; 23:00:00;14889600;9138140;5428862;322598;201;0.627317824216678;0.0216659950569525
06/10/12;5; 00:00:00;14889600;7963277;6595123;331200;201;0.546988474008133;0.0222437137330754
06/10/12;5; 01:00:00;14889600;6677511;7880972;331117;201;0.458668049411467;0.0222381393724479
06/10/12;5; 02:00:00;14889600;4890026;9672172;327402;201;0.335802740767568;0.0219886363636364
06/10/12;5; 03:00:00;14889600;4337277;10223555;328768;201;0.29787288253858;0.022080378250591
06/10/12;5; 04:00:00;14889600;4178873;10376369;334358;201;0.287104329835258;0.0224558080808081
06/10/12;5; 05:00:00;14889600;4265386;10289414;334800;201;0.293056998378542;0.0224854932301741
06/10/12;5; 06:00:00;14889600;4557702;9997098;334800;201;0.313140819523456;0.0224854932301741
06/10/12;5; 07:00:00;14889600;5069979;9486321;333300;201;0.348301354052884;0.0223847517730496
06/10/12;5; 08:00:00;14889600;5970911;8591796;326893;201;0.410013811305824;0.0219544514291855
06/10/12;5; 09:00:00;14889600;6911535;7657665;320400;201;0.47439358372457;0.0215183752417795
06/10/12;5; 10:00:00;14889600;8056210;6505445;327945;201;0.553248239983711;0.0220251047711154
06/10/12;5; 11:00:00;14889600;8916558;5644782;328260;201;0.612344605647557;0.0220462604771115
06/10/12;5; 12:00:00;14889600;9621747;4941050;326803;201;0.6607073490072;0.021948406941758
06/10/12;5; 13:00:00;14889600;9884649;4678403;326548;201;0.678748451904175;0.0219312808940469
06/10/12;5; 14:00:00;14889600;10063450;4496723;329427;201;0.69116280417822;0.0221246373307544
06/10/12;5; 15:00:00;14889600;10086872;4468447;334281;201;0.693002468719511;0.022450636686009
06/10/12;5; 16:00:00;14889600;10391844;4166556;331200;201;0.71380398944939;0.0222437137330754
06/10/12;5; 17:00:00;14889600;10901228;3656165;332207;201;0.748844796592357;0.0223113448312916
06/10/12;5; 18:00:00;14889600;11545248;3018930;325422;201;0.792715387026992;0.0218556576402321
06/10/12;5; 19:00:00;14889600;11923124;2642476;324000;201;0.818581040259241;0.0217601547388781
06/10/12;5; 20:00:00;14889600;12082446;2479256;327898;201;0.829741331061438;0.0220219482054588
06/10/12;5; 21:00:00;14889600;11852832;2701968;334800;201;0.814358974358974;0.0224854932301741
06/10/12;5; 22:00:00;14889600;10557733;3999322;332545;201;0.725265721672412;0.0223340452396303
06/10/12;5; 23:00:00;14889600;9658331;4904445;326824;201;0.663220460165012;0.0219498173221577
07/10/12;6; 00:00:00;14889600;8860517;5699843;329240;201;0.608536945515083;0.0221120782290995
07/10/12;6; 01:00:00;14889600;7475343;7087531;326726;201;0.513315091512843;0.021943235546959
07/10/12;6; 02:00:00;14889600;5477194;9087488;324918;201;0.376059978515151;0.0218218085106383
07/10/12;6; 03:00:00;14889600;4814727;9749156;325717;201;0.330593633579726;0.0218754701267999
07/10/12;6; 04:00:00;14889600;4565909;9993879;329812;201;0.313597217212229;0.0221504943047496
07/10/12;6; 05:00:00;14889600;4629869;9928147;331584;201;0.318028844040287;0.0222695035460993
07/10/12;6; 06:00:00;14889600;4901180;9657220;331200;201;0.336656500714364;0.0222437137330754
07/10/12;6; 07:00:00;14889600;5634835;8920088;334677;201;0.387142893164052;0.0224772324306899
07/10/12;6; 08:00:00;14889600;7081450;7478568;329582;201;0.486362722903227;0.0221350472813239
07/10/12;6; 09:00:00;14889600;8866224;5695776;327600;201;0.608860321384425;0.0220019342359768
07/10/12;6; 10:00:00;14889600;10433012;4127526;329062;201;0.716526545928454;0.0221001235761874
07/10/12;6; 11:00:00;14889600;11224624;3324295;340681;201;0.771509140988413;0.0228804669030733
07/10/12;6; 12:00:00;14889600;11647774;2903137;338689;201;0.8004841758705;0.022746682248012
07/10/12;6; 13:00:00;14889600;12065389;2482211;342000;201;0.829373161208722;0.0229690522243714
07/10/12;6; 14:00:00;14889600;12267549;2280670;341381;201;0.84323373190904;0.0229274795830647
07/10/12;6; 15:00:00;14889600;12271659;2281379;336562;201;0.843236924139139;0.0226038308618096
07/10/12;6; 16:00:00;14889600;12027595;2527205;334800;201;0.826366215956248;0.0224854932301741
07/10/12;6; 17:00:00;14889600;11516069;3033983;339548;201;0.791479576842749;0.0228043735224586
07/10/12;6; 18:00:00;14889600;11363912;3190888;334800;201;0.780767307005249;0.0224854932301741
07/10/12;6; 19:00:00;14889600;11143826;3411479;334295;201;0.765619545588361;0.0224515769396089
07/10/12;6; 20:00:00;14889600;10733044;3822995;333561;201;0.737360211799378;0.0224022807865893
07/10/12;6; 21:00:00;14889600;9272152;5271856;345592;201;0.637523851747056;0.0232102944336987
07/10/12;6; 22:00:00;14889600;7203067;7345508;341025;201;0.495104640832521;0.0229035702772405
07/10/12;6; 23:00:00;14889600;5897805;8656427;335368;201;0.405229557973241;0.0225236406619385
08/10/12;0; 00:00:00;14832000;4941375;9564934;325691;201;0.340636270742613;0.0219586704422869
08/10/12;0; 01:00:00;14832000;4462592;10040193;329215;201;0.307705864770111;0.022196264832794
08/10/12;0; 02:00:00;14832000;4108400;10397001;326599;201;0.283232431836941;0.0220198894282632
08/10/12;0; 03:00:00;14832000;3996456;10511544;324000;201;0.275465674110835;0.0218446601941748
08/10/12;0; 04:00:00;14832000;4000739;10499718;331543;201;0.275904338739117;0.0223532227615965
08/10/12;0; 05:00:00;14832000;4245239;10239191;347570;201;0.293089821277054;0.0234337918015102
08/10/12;0; 06:00:00;14832000;4863425;9565833;402742;201;0.337053021021594;0.0271535868392665
08/10/12;0; 07:00:00;14832000;5291916;8516791;1023293;201;0.38323037776093;0.0689922464940669
08/10/12;0; 08:00:00;14832000;5904225;7910261;1017514;201;0.42739375174726;0.06860261596548
08/10/12;0; 09:00:00;14832000;6743585;7768084;320331;201;0.464700855566648;0.0215972896440129
08/10/12;0; 10:00:00;14832000;7920224;6598576;313200;201;0.545515056340744;0.0211165048543689
08/10/12;0; 11:00:00;14832000;8744370;5756374;331256;201;0.603029058371074;0.0223338727076591
08/10/12;0; 12:00:00;14832000;9341597;5163426;326977;201;0.644024969832864;0.0220453748651564
08/10/12;0; 13:00:00;14832000;9463608;5044646;323746;201;0.652291309484932;0.0218275350593312
08/10/12;0; 14:00:00;14832000;9035530;5474035;322435;201;0.622729213453332;0.0217391450916936
08/10/12;0; 15:00:00;14832000;8466732;5506837;858431;201;0.605910487148988;0.057876955231931
08/10/12;0; 16:00:00;14832000;8147023;5100977;1584000;201;0.614962484903382;0.106796116504854
08/10/12;0; 17:00:00;14832000;8590693;4660374;1580933;201;0.648301982021523;0.106589333872708
08/10/12;0; 18:00:00;14832000;9764928;3985304;1081768;201;0.710164599404577;0.0729347357065804
08/10/12;0; 19:00:00;14832000;10265057;4243664;323279;201;0.707509435187292;0.0217960490830636
08/10/12;0; 20:00:00;14832000;10030067;4482887;319046;201;0.691111334053701;0.0215106526429342
08/10/12;0; 21:00:00;14832000;8851331;5659303;321366;201;0.609989267181572;0.021667071197411
08/10/12;0; 22:00:00;14832000;6750874;7750839;330287;201;0.465522521373854;0.0222685409924488
08/10/12;0; 23:00:00;14832000;5350871;9149929;331200;201;0.369005227297804;0.0223300970873786
09/10/12;1; 00:00:00;14832000;4626330;9874470;331200;201;0.31903963919232;0.0223300970873786
09/10/12;1; 01:00:00;14832000;4227937;10256399;347664;201;0.291897191559213;0.0234401294498382
09/10/12;1; 02:00:00;14832000;3942869;10546981;342150;201;0.272112478735115;0.0230683656957929
09/10/12;1; 03:00:00;14832000;3909749;10580899;341352;201;0.269811881428629;0.0230145631067961
09/10/12;1; 04:00:00;14832000;3917321;10573129;341550;201;0.270338119244054;0.0230279126213592
09/10/12;1; 05:00:00;14832000;4168522;10303392;360086;201;0.288042203678104;0.0242776429341963
09/10/12;1; 06:00:00;14832000;4928366;9490132;413502;201;0.341808557312974;0.0278790453074434
09/10/12;1; 07:00:00;14832000;5745627;8049573;1036800;201;0.416494650313152;0.0699029126213592
09/10/12;1; 08:00:00;14832000;6880407;6914444;1037149;201;0.498766315054798;0.0699264428263215
09/10/12;1; 09:00:00;14832000;8244744;6248404;338852;201;0.568871855859058;0.0228460086299892
09/10/12;1; 10:00:00;14832000;9458340;5035911;337749;201;0.652558038356035;0.022771642394822
09/10/12;1; 11:00:00;14832000;10305997;4180577;345426;201;0.711417136998713;0.0232892394822006
09/10/12;1; 12:00:00;14832000;10639113;3847287;345600;201;0.734420767064281;0.0233009708737864
09/10/12;1; 13:00:00;14832000;10667907;3819682;344411;201;0.736347987232382;0.023220806364617
09/10/12;1; 14:00:00;14832000;10043199;4441767;347034;201;0.693353301623214;0.0233976537216828
09/10/12;1; 15:00:00;14832000;9471603;4473583;886814;201;0.679202342657889;0.0597905879180151
09/10/12;1; 16:00:00;14832000;9102372;4115497;1614131;201;0.688641414134154;0.108827602481122
09/10/12;1; 17:00:00;14832000;9481449;3741629;1608922;201;0.717037969525703;0.108476402373247
09/10/12;1; 18:00:00;14832000;10598245;3132844;1100911;201;0.771843005314437;0.0742253910463862
09/10/12;1; 19:00:00;14832000;11052496;3423351;356153;201;0.763512905324296;0.0240124730312837
09/10/12;1; 20:00:00;14832000;10514049;3965151;352800;201;0.72614847505387;0.0237864077669903
09/10/12;1; 21:00:00;14832000;8849946;5625573;356481;201;0.611373312418021;0.0240345873786408
09/10/12;1; 22:00:00;14832000;7189378;7273101;369521;201;0.49710551005813;0.0249137675296656
09/10/12;1; 23:00:00;14832000;5795301;8673748;362951;201;0.400530884925471;0.024470806364617
10/10/12;2; 00:00:00;14832000;4817142;9654858;360000;201;0.332859452736318;0.0242718446601942
10/10/12;2; 01:00:00;14832000;4282055;10181400;368545;201;0.296060312007055;0.0248479638619202
10/10/12;2; 02:00:00;14832000;3995777;10460793;375430;201;0.276398689315654;0.0253121628910464
10/10/12;2; 03:00:00;14832000;3972873;10488327;370800;201;0.274726371255497;0.025
10/10/12;2; 04:00:00;14832000;3984977;10476223;370800;201;0.275563369568224;0.025
10/10/12;2; 05:00:00;14832000;4286316;10150462;395222;201;0.296902536009074;0.0266465749730313
10/10/12;2; 06:00:00;14832000;4987265;9395858;448877;201;0.346744236283038;0.0302640911542611
10/10/12;2; 07:00:00;14832000;5674135;8088132;1069733;201;0.412296535156599;0.0721233144552319
10/10/12;2; 08:00:00;14832000;6974498;6790104;1067398;201;0.506698123200366;0.0719658845738943
10/10/12;2; 09:00:00;14832000;8083135;6374528;374337;201;0.559090013372147;0.0252384708737864
10/10/12;2; 10:00:00;14832000;9454306;5012843;364851;201;0.653501667813057;0.0245989077669903
10/10/12;2; 11:00:00;14832000;10233728;4227472;370800;201;0.707667966697093;0.025
10/10/12;2; 12:00:00;14832000;10617209;3831851;382940;201;0.734802748414084;0.0258185005393743
10/10/12;2; 13:00:00;14832000;10561642;3890441;379917;201;0.730804133909278;0.0256146844660194
10/10/12;2; 14:00:00;14832000;10132260;4323298;376442;201;0.700924862257133;0.0253803937432578
10/10/12;2; 15:00:00;14832000;9485919;4434148;911933;201;0.681456418277297;0.0614841558791802
10/10/12;2; 16:00:00;14832000;9146930;4040891;1644179;201;0.693589183535324;0.110853492448759
10/10/12;2; 17:00:00;14832000;9412343;3777862;1641795;201;0.713585800978832;0.110692758899676
10/10/12;2; 18:00:00;14832000;10790324;2918650;1123026;201;0.78709931173551;0.0757164239482201
10/10/12;2; 19:00:00;14832000;11370334;3085024;376642;201;0.786582663673912;0.0253938781014024
10/10/12;2; 20:00:00;14832000;10974818;3474365;382817;201;0.759545920347192;0.0258102076591154
10/10/12;2; 21:00:00;14832000;9759001;4690775;382224;201;0.675373860466764;0.0257702265372168
10/10/12;2; 22:00:00;14832000;7889884;6559352;382764;201;0.546041603860578;0.0258066343042071
10/10/12;2; 23:00:00;14832000;6320278;8120439;391283;201;0.437670650286963;0.0263810005393743
11/10/12;3; 00:00:00;14832000;5431142;9015658;385200;201;0.375940831187529;0.0259708737864078
11/10/12;3; 01:00:00;14832000;4788187;9658613;385200;201;0.331435819697096;0.0259708737864078
11/10/12;3; 02:00:00;14832000;4279178;10154636;398186;201;0.296468972095664;0.0268464131607335
11/10/12;3; 03:00:00;14832000;4162884;10268169;400947;201;0.288467099386303;0.0270325647249191
11/10/12;3; 04:00:00;14832000;4178039;10250761;403200;201;0.289562472277667;0.0271844660194175
11/10/12;3; 05:00:00;14832000;4408292;10008194;415514;201;0.305781311756554;0.0280146979503776
11/10/12;3; 06:00:00;14832000;5108857;9259506;463637;201;0.355562912768838;0.031259236785329
11/10/12;3; 07:00:00;14832000;5786439;7960431;1085130;201;0.42092774573412;0.0731614077669903
11/10/12;3; 08:00:00;14832000;6912121;6838213;1081666;201;0.502687498354585;0.0729278586839266
11/10/12;3; 09:00:00;14832000;8132416;6299082;400502;201;0.563518492674842;0.0270025620280475
11/10/12;3; 10:00:00;14832000;9296255;5142717;393028;201;0.643830807345565;0.0264986515641855
11/10/12;3; 11:00:00;14832000;10007358;4420445;404197;201;0.6936162075404;0.0272516855447681
11/10/12;3; 12:00:00;14832000;10532278;3892847;406875;201;0.730134262268091;0.0274322411003236
11/10/12;3; 13:00:00;14832000;10576218;3845841;409941;201;0.733336203935929;0.0276389563106796
11/10/12;3; 14:00:00;14832000;10139521;4289187;403292;201;0.702732427601972;0.027190668824164
11/10/12;3; 15:00:00;14832000;9379398;4528978;923624;201;0.674370465681975;0.06227238403452
11/10/12;3; 16:00:00;14832000;9097632;4069803;1664565;201;0.690919074216049;0.112227953074434
11/10/12;3; 17:00:00;14832000;9492849;3684597;1654554;201;0.720386105167875;0.111552993527508
11/10/12;3; 18:00:00;14832000;10664389;3027535;1140076;201;0.778881696976992;0.0768659654800432
11/10/12;3; 19:00:00;14832000;11225034;3212251;394715;201;0.777503110868837;0.0266123921251348
11/10/12;3; 20:00:00;14832000;10987931;3433987;410082;201;0.761891102140506;0.0276484627831715
11/10/12;3; 21:00:00;14832000;10119027;4303004;409969;201;0.701636752826284;0.0276408441208198
11/10/12;3; 22:00:00;14832000;8377076;6045957;408967;201;0.580812371433942;0.0275732874865156
11/10/12;3; 23:00:00;14832000;6772112;7637820;422068;201;0.469961412725612;0.0284565803667745
12/10/12;4; 00:00:00;14832000;5768021;8643824;420155;201;0.400227798730836;0.0283276024811219
12/10/12;4; 01:00:00;14832000;4913520;9502846;415634;201;0.340829304694401;0.0280227885652643
12/10/12;4; 02:00:00;14832000;4246373;10168317;417310;201;0.294586494749454;0.0281357874865156
12/10/12;4; 03:00:00;14832000;4123867;10286933;421200;201;0.286165029006023;0.0283980582524272
12/10/12;4; 04:00:00;14832000;4155857;10254943;421200;201;0.288384891886641;0.0283980582524272
12/10/12;4; 05:00:00;14832000;4388102;10011780;432118;201;0.304731802663383;0.0291341693635383
12/10/12;4; 06:00:00;14832000;5115165;9225430;491405;201;0.356691266994152;0.0331314050701187
12/10/12;4; 07:00:00;14832000;5861539;7856518;1113943;201;0.427286386111386;0.0751040318230852
12/10/12;4; 08:00:00;14832000;7024838;6701754;1105408;201;0.511768543859976;0.0745285868392665
12/10/12;4; 09:00:00;14832000;8228719;6191515;411766;201;0.570636995211035;0.0277620010787487
12/10/12;4; 10:00:00;14832000;9447790;4964853;419357;201;0.655520989453496;0.0282737998921251
12/10/12;4; 11:00:00;14832000;10186750;4224744;420506;201;0.706848991506363;0.0283512675296656
12/10/12;4; 12:00:00;14832000;10675638;3741558;414804;201;0.74047949407083;0.0279668284789644
12/10/12;4; 13:00:00;14832000;10762655;3654339;415006;201;0.746525593337973;0.0279804476806904
12/10/12;4; 14:00:00;14832000;10346209;4068191;417600;201;0.717768967143967;0.0281553398058252
12/10/12;4; 15:00:00;14832000;9642445;4245257;944298;201;0.694315373414551;0.0636662621359223
12/10/12;4; 16:00:00;14832000;9331895;3818191;1681914;201;0.709645168860493;0.113397653721683
12/10/12;4; 17:00:00;14832000;9735234;3408732;1688034;201;0.740661836769815;0.113810275080906
12/10/12;4; 18:00:00;14832000;10758635;2890581;1182784;201;0.788223660611716;0.0797454153182309
12/10/12;4; 19:00:00;14832000;11349537;3063183;419280;201;0.787466696085125;0.0282686084142395
12/10/12;4; 20:00:00;14832000;11496616;2907030;428354;201;0.798174017884083;0.0288803937432578
12/10/12;4; 21:00:00;14832000;11173136;3223820;435044;201;0.776076276123925;0.0293314455231931
12/10/12;4; 22:00:00;14832000;10304622;4089031;438347;201;0.715914299170614;0.0295541396979504
12/10/12;4; 23:00:00;14832000;9303059;5087317;441624;201;0.646477826569646;0.0297750809061489
13/10/12;5; 00:00:00;14832000;7849046;6540154;442800;201;0.54548175020154;0.0298543689320388
13/10/12;5; 01:00:00;14832000;6339133;8049650;443217;201;0.440560747910369;0.0298824838187702
13/10/12;5; 02:00:00;14832000;4805433;9580644;445923;201;0.334033593730939;0.030064927184466
13/10/12;5; 03:00:00;14832000;4320882;10057036;454082;201;0.300522092280677;0.030615021574973
13/10/12;5; 04:00:00;14832000;4165544;10215211;451245;201;0.289661008757885;0.0304237459546926
13/10/12;5; 05:00:00;14832000;4234140;10144260;453600;201;0.294479218828242;0.0305825242718447
13/10/12;5; 06:00:00;14832000;4440628;9931727;459645;201;0.308970102672805;0.0309900889967638
13/10/12;5; 07:00:00;14832000;4927597;9436871;467532;201;0.343040689011246;0.0315218446601942
13/10/12;5; 08:00:00;14832000;5698113;8669487;464400;201;0.396594629583229;0.0313106796116505
13/10/12;5; 09:00:00;14832000;6680068;7690392;461540;201;0.464847193478845;0.0311178532901834
13/10/12;5; 10:00:00;14832000;8007169;6361796;463035;201;0.55725440210899;0.0312186488673139
13/10/12;5; 11:00:00;14832000;8878406;5487475;466119;201;0.618020294056452;0.0314265776699029
13/10/12;5; 12:00:00;14832000;9521310;4846290;464400;201;0.662693142904869;0.0313106796116505
13/10/12;5; 13:00:00;14832000;9777390;4587980;466630;201;0.680622218571467;0.0314610302049622
13/10/12;5; 14:00:00;14832000;9675045;4688934;468021;201;0.673563014816438;0.0315548139158576
13/10/12;5; 15:00:00;14832000;9493929;4872493;465578;201;0.660841579065407;0.0313901024811219
13/10/12;5; 16:00:00;14832000;9477168;4890432;464400;201;0.659620813497035;0.0313106796116505
13/10/12;5; 17:00:00;14832000;10150368;4213822;467810;201;0.706643952774225;0.0315405879180151
13/10/12;5; 18:00:00;14832000;11204225;3164566;463209;201;0.779761150398805;0.0312303802588997
13/10/12;5; 19:00:00;14832000;11798359;2574655;458986;201;0.820868817076224;0.0309456580366775
13/10/12;5; 20:00:00;14832000;12079963;2288966;463071;201;0.840700305499457;0.0312210760517799
13/10/12;5; 21:00:00;14832000;11714715;2644874;472411;201;0.815811302120137;0.0318507955771305
13/10/12;5; 22:00:00;14832000;10995066;3368934;468000;201;0.765459899749373;0.0315533980582524
13/10/12;5; 23:00:00;14832000;10081121;4278134;472745;201;0.702064348045912;0.0318733144552319
14/10/12;6; 00:00:00;14832000;9147011;5199766;485223;201;0.637565566119833;0.0327146035598705
14/10/12;6; 01:00:00;14832000;7803883;6535055;493062;201;0.544244141372255;0.0332431229773463
14/10/12;6; 02:00:00;14832000;5686925;8651875;493200;201;0.396610943733088;0.033252427184466
14/10/12;6; 03:00:00;14832000;4983069;9354102;494829;201;0.347562918793394;0.0333622572815534
14/10/12;6; 04:00:00;14832000;4817953;9513976;500071;201;0.336169192576938;0.0337156823085221
14/10/12;6; 05:00:00;14832000;4885008;9442992;504000;201;0.340941373534338;0.0339805825242718
14/10/12;6; 06:00:00;14832000;5325264;9003050;503686;201;0.371660196726565;0.0339594120819849
14/10/12;6; 07:00:00;14832000;6124204;8204517;503279;201;0.427407582295726;0.0339319714131607
14/10/12;6; 08:00:00;14832000;7153876;7174124;504000;201;0.499293411501954;0.0339805825242718
14/10/12;6; 09:00:00;14832000;8696996;5634295;500709;201;0.606853632376874;0.0337586974110032
14/10/12;6; 10:00:00;14832000;10242329;4090044;499627;201;0.714628973164458;0.0336857470334412
14/10/12;6; 11:00:00;14832000;11197202;3125570;509228;201;0.781776181314623;0.0343330636461704
14/10/12;6; 12:00:00;14832000;11947897;2371203;512900;201;0.834402790678185;0.0345806364617044
14/10/12;6; 13:00:00;14832000;12435915;1884885;511200;201;0.868381305513658;0.0344660194174757
14/10/12;6; 14:00:00;14832000;12498085;1821011;512904;201;0.872826399096703;0.0345809061488673
14/10/12;6; 15:00:00;14832000;12414928;1905872;511200;201;0.866915814758952;0.0344660194174757
14/10/12;6; 16:00:00;14832000;12316011;2004789;511200;201;0.860008588905648;0.0344660194174757
14/10/12;6; 17:00:00;14832000;11848711;2474256;509033;201;0.827252551793214;0.0343199163969795
14/10/12;6; 18:00:00;14832000;11911422;2412025;508553;201;0.831603035219106;0.0342875539374326
14/10/12;6; 19:00:00;14832000;11823327;2487386;521287;201;0.826187136867324;0.0351461030204962
14/10/12;6; 20:00:00;14832000;11172602;3144000;515398;201;0.780394817150047;0.0347490560949299
14/10/12;6; 21:00:00;14832000;8845817;5471375;514808;201;0.617845803841982;0.0347092772384035
14/10/12;6; 22:00:00;14832000;7313259;7002985;515756;201;0.510836431678588;0.0347731930960086
14/10/12;6; 23:00:00;14832000;6184901;8129119;517980;201;0.432086932951051;0.0349231391585761
15/10/12;0; 00:00:00;14832000;5345514;8966849;519637;201;0.373489269382002;0.0350348570658037
15/10/12;0; 01:00:00;14832000;4848372;9457424;526204;201;0.338909627957787;0.03547761596548
15/10/12;0; 02:00:00;14832000;4519733;9768734;543533;201;0.316320358230173;0.0366459681769148
15/10/12;0; 03:00:00;14832000;4376196;9912204;543600;201;0.306276140085664;0.0366504854368932
15/10/12;0; 04:00:00;14832000;4377919;9908315;545766;201;0.306443181597054;0.0367965210355987
15/10/12;0; 05:00:00;14832000;4649735;9622725;559540;201;0.325783712128112;0.037725188781014
15/10/12;0; 06:00:00;14832000;5188638;9020579;622783;201;0.365160022540299;0.0419891450916936
15/10/12;0; 07:00:00;14832000;5603895;7986649;1241456;201;0.412337798987296;0.0837011866235167
15/10/12;0; 08:00:00;14832000;6623824;6992506;1215670;201;0.48646177053582;0.0819626483279396
15/10/12;0; 09:00:00;14832000;7885250;6430184;516566;201;0.55082158179766;0.0348278047464941
15/10/12;0; 10:00:00;14832000;9071103;5257503;503394;201;0.633076448609167;0.0339397249190939
15/10/12;0; 11:00:00;14832000;10000845;4317928;513227;201;0.698442876355397;0.0346026833872708
15/10/12;0; 12:00:00;14832000;10486935;3832497;512568;201;0.732356911922205;0.0345582524271845
15/10/12;0; 13:00:00;14832000;10423651;3888917;519432;201;0.728286566044612;0.0350210355987055
15/10/12;0; 14:00:00;14832000;10106946;4212098;512956;201;0.705839440119047;0.0345844120819849
15/10/12;0; 15:00:00;14832000;9669565;4129266;1033169;201;0.700752476785896;0.0696581040992449
15/10/12;0; 16:00:00;14832000;9437548;3644206;1750246;201;0.721428334457291;0.118004719525351
15/10/12;0; 17:00:00;14832000;9746708;3333640;1751652;201;0.745141337218245;0.118099514563107
15/10/12;0; 18:00:00;14832000;10712559;2877860;1241581;201;0.788243467695882;0.0837096143473571
15/10/12;0; 19:00:00;14832000;10969823;3384005;478172;201;0.764243726481883;0.0322392125134844
15/10/12;0; 20:00:00;14832000;10129852;4226397;475751;201;0.705605760947724;0.0320759843581446
15/10/12;0; 21:00:00;14832000;8331294;6025902;474804;201;0.580286986400409;0.0320121359223301
15/10/12;0; 22:00:00;14832000;6751945;7604099;475956;201;0.470320723452784;0.0320898058252427
15/10/12;0; 23:00:00;14832000;5603827;8755032;473141;201;0.390269658612847;0.0319000134843581
16/10/12;1; 00:00:00;14832000;4899896;9451538;480566;201;0.341422048834981;0.0324006202804746
16/10/12;1; 01:00:00;14832000;4431374;9911774;488852;201;0.30895407340146;0.0329592772384035
16/10/12;1; 02:00:00;14832000;4100108;10242292;489600;201;0.285873215082552;0.0330097087378641
16/10/12;1; 03:00:00;14832000;4079769;10262631;489600;201;0.284455112115127;0.0330097087378641
16/10/12;1; 04:00:00;14832000;4152018;10191097;488885;201;0.289478122430169;0.0329615021574973
16/10/12;1; 05:00:00;14832000;4385571;9946855;499574;201;0.305989439610573;0.0336821736785329
16/10/12;1; 06:00:00;14832000;5195943;9086071;549986;201;0.363810244129434;0.0370810409924488
16/10/12;1; 07:00:00;14832000;5700598;7971879;1159523;201;0.416939666455464;0.0781771170442287
16/10/12;1; 08:00:00;14832000;6869852;6805410;1156738;201;0.502356152298947;0.0779893473570658
16/10/12;1; 09:00:00;14832000;8146293;6233165;452542;201;0.566522952395007;0.03051119201726
16/10/12;1; 10:00:00;14832000;9263962;5121638;446400;201;0.643974669113558;0.0300970873786408
16/10/12;1; 11:00:00;14832000;10024946;4345726;461328;201;0.697597579292047;0.0311035598705502
16/10/12;1; 12:00:00;14832000;10348334;4015531;468135;201;0.720442165113638;0.0315625
16/10/12;1; 13:00:00;14832000;10256399;4108877;466724;201;0.713971593723643;0.0314673678532902
16/10/12;1; 14:00:00;14832000;9804923;4562677;464400;201;0.682432904590885;0.0313106796116505
16/10/12;1; 15:00:00;14832000;9263062;4570612;998326;201;0.669602449790273;0.0673089266450917
16/10/12;1; 16:00:00;14832000;8963803;4146594;1721603;201;0.6837171292372;0.116073557173679
16/10/12;1; 17:00:00;14832000;9186952;3924248;1720800;201;0.70069497833913;0.116019417475728
16/10/12;1; 18:00:00;14832000;10088152;3531552;1212296;201;0.74070273480246;0.081735167206041
16/10/12;1; 19:00:00;14832000;10798174;3569856;463970;201;0.751541721446851;0.0312816882416397
16/10/12;1; 20:00:00;14832000;10513903;3862220;455877;201;0.731344813897321;0.0307360436893204
16/10/12;1; 21:00:00;14832000;9257161;5121239;453600;201;0.643824138986257;0.0305825242718447
16/10/12;1; 22:00:00;14832000;7663066;6712384;456550;201;0.533066164885273;0.0307814185544768
16/10/12;1; 23:00:00;14832000;5871070;8500516;460414;201;0.40851928242297;0.0310419363538296
17/10/12;2; 00:00:00;14832000;4981191;9396998;453811;201;0.34644077915515;0.0305967502696872
17/10/12;2; 01:00:00;14832000;4436612;9941788;453600;201;0.308560896900907;0.0305825242718447
17/10/12;2; 02:00:00;14832000;4110613;10266678;454709;201;0.285910120341864;0.0306572950377562
17/10/12;2; 03:00:00;14832000;4083263;10291537;457200;201;0.284057030358683;0.0308252427184466
17/10/12;2; 04:00:00;14832000;4110962;10265962;455076;201;0.285941693786515;0.0306820388349515
17/10/12;2; 05:00:00;14832000;4410074;9960004;461922;201;0.306892836629001;0.0311436084142395
17/10/12;2; 06:00:00;14832000;5140652;9180148;511200;201;0.358964024356181;0.0344660194174757
17/10/12;2; 07:00:00;14832000;5911852;7785869;1134279;201;0.431593839588352;0.0764751213592233
17/10/12;2; 08:00:00;14832000;6906706;6792194;1133100;201;0.504179605661768;0.0763956310679612
17/10/12;2; 09:00:00;14832000;8112141;6284259;435600;201;0.563483995999;0.029368932038835
17/10/12;2; 10:00:00;14832000;9263055;5131780;437165;201;0.643498518739534;0.0294744471413161
17/10/12;2; 11:00:00;14832000;10004604;4381508;445888;201;0.695434874968303;0.0300625674217907
17/10/12;2; 12:00:00;14832000;10496218;3887769;448013;201;0.729715481528174;0.0302058387270766
17/10/12;2; 13:00:00;14832000;10552082;3837118;442800;201;0.733333472326467;0.0298543689320388
17/10/12;2; 14:00:00;14832000;10161897;4220574;449529;201;0.706547365887267;0.0303080501618123
17/10/12;2; 15:00:00;14832000;9429312;4420289;982399;201;0.680836364888779;0.0662350997842503
17/10/12;2; 16:00:00;14832000;9062616;4064190;1705194;201;0.690390030903176;0.114967233009709
17/10/12;2; 17:00:00;14832000;9457060;3673334;1701606;201;0.720241905916913;0.114725323624595
17/10/12;2; 18:00:00;14832000;10669555;2973886;1188559;201;0.782028155507104;0.0801347761596548
17/10/12;2; 19:00:00;14832000;11312571;3080201;439228;201;0.785989731512456;0.0296135382955771
17/10/12;2; 20:00:00;14832000;10932718;3465529;433753;201;0.759308963098077;0.02924440399137
17/10/12;2; 21:00:00;14832000;9722329;4676656;433015;201;0.675209328990898;0.0291946467098166
17/10/12;2; 22:00:00;14832000;7931576;6454028;446396;201;0.551355090825522;0.0300968176914779
17/10/12;2; 23:00:00;14832000;6353208;8023589;455203;201;0.441907053427825;0.0306906014023732
18/10/12;3; 00:00:00;14832000;5349583;9028817;453600;201;0.372056904801647;0.0305825242718447
18/10/12;3; 01:00:00;14832000;4747077;9628325;456598;201;0.330222208742406;0.0307846548004315
18/10/12;3; 02:00:00;14832000;4298220;10069958;463822;201;0.299148576806329;0.0312717098166127
18/10/12;3; 03:00:00;14832000;4199359;10164680;467961;201;0.292352241594443;0.0315507686084142
18/10/12;3; 04:00:00;14832000;4284054;10079946;468000;201;0.298249373433584;0.0315533980582524
18/10/12;3; 05:00:00;14832000;4550422;9806992;474586;201;0.316938830349254;0.0319974379719525
18/10/12;3; 06:00:00;14832000;5222234;9085050;524716;201;0.3650052658492;0.0353772923408846
18/10/12;3; 07:00:00;14803200;5808745;7855877;1138578;201;0.425093720119005;0.0769143158236057
18/10/12;3; 08:00:00;14803200;6770625;6899791;1132784;201;0.495275710702586;0.0765229139645482
18/10/12;3; 09:00:00;14799600;8120041;6234859;444700;201;0.565663362336206;0.0300481094083624
18/10/12;3; 10:00:00;14799600;9271533;5091350;436717;201;0.645520331816391;0.0295087029379172
18/10/12;3; 11:00:00;14799600;10011034;4347570;440996;201;0.697214993881021;0.0297978323738479
18/10/12;3; 12:00:00;14799600;10521044;3837102;441454;201;0.732757836561907;0.0298287791561934
18/10/12;3; 13:00:00;14799600;10487008;3869055;443537;201;0.73049331143225;0.0299695262034109
18/10/12;3; 14:00:00;14799600;9973689;4383819;442092;201;0.694667138614863;0.029871888429417
18/10/12;3; 15:00:00;14799600;9337956;4493702;967942;201;0.675114725942472;0.0654032541420038
18/10/12;3; 16:00:00;14799600;9105406;4000807;1693387;201;0.69473966278436;0.114421133003595
18/10/12;3; 17:00:00;14799600;9762831;3341010;1695759;201;0.745035825755212;0.114581407605611
18/10/12;3; 18:00:00;14799600;11002461;2618991;1178148;201;0.80773040935724;0.0796067461282737
18/10/12;3; 19:00:00;14799600;11625259;2747926;426415;201;0.808815791350351;0.0288126030433255
18/10/12;3; 20:00:00;14799600;11370219;2986632;442749;201;0.791971651722233;0.0299162815211222
18/10/12;3; 21:00:00;14799600;10487802;3871141;440657;201;0.730402091574568;0.0297749263493608
18/10/12;3; 22:00:00;14799600;8868000;5499791;431809;201;0.617213877902316;0.0291770723533068
18/10/12;3; 23:00:00;14799600;7144368;7222397;432835;201;0.497284392136991;0.0292463985513122
19/10/12;4; 00:00:00;14832000;5822017;8577179;432804;201;0.404329311164318;0.0291804207119741
19/10/12;4; 01:00:00;14832000;4932568;9463892;435540;201;0.342623672763999;0.0293648867313916
19/10/12;4; 02:00:00;14832000;4240648;10154618;436734;201;0.294586289687179;0.0294453883495146
19/10/12;4; 03:00:00;14832000;4052032;10332384;447584;201;0.281695968748401;0.0301769147788565
19/10/12;4; 04:00:00;14832000;4018653;10365296;448051;201;0.279384541755536;0.0302084007551241
19/10/12;4; 05:00:00;14832000;4244354;10130327;457319;201;0.295265961032457;0.0308332659115426
19/10/12;4; 06:00:00;14832000;5018143;9300632;513225;201;0.350458960351008;0.0346025485436893
19/10/12;4; 07:00:00;14832000;5730138;7968013;1133849;201;0.418314705393451;0.0764461299892125
19/10/12;4; 08:00:00;14832000;6823155;6885391;1123454;201;0.497730029136569;0.0757452804746494
19/10/12;4; 09:00:00;14832000;7978990;6420305;432705;201;0.554123656748473;0.0291737459546926
19/10/12;4; 10:00:00;14832000;9119159;5276432;436409;201;0.633468886411124;0.0294234762675297
19/10/12;4; 11:00:00;14832000;9957628;4434410;439962;201;0.691884498915303;0.0296630258899676
19/10/12;4; 12:00:00;14832000;10568461;3827055;436484;201;0.734149508777594;0.0294285329018339
19/10/12;4; 13:00:00;14832000;10569531;3821735;440734;201;0.734440666998998;0.0297150755124056
19/10/12;4; 14:00:00;14832000;10049326;4345277;437397;201;0.698131514985165;0.0294900889967638
19/10/12;4; 15:00:00;14832000;9467138;4397396;967466;201;0.682831316220221;0.0652282901833873
19/10/12;4; 16:00:00;14832000;9317297;3827872;1686831;201;0.708800092262032;0.113729166666667
19/10/12;4; 17:00:00;14832000;9900654;3237759;1693587;201;0.753565442036264;0.11418466828479
19/10/12;4; 18:00:00;14832000;11013016;2638111;1180873;201;0.806747750570338;0.0796165722761597
19/10/12;4; 19:00:00;14832000;11730771;2670809;430420;201;0.81454750103808;0.029019687162891
19/10/12;4; 20:00:00;14832000;11750091;2644876;437033;201;0.816263837214771;0.0294655474649407
19/10/12;4; 21:00:00;14832000;11551868;2844532;435600;201;0.802413658970298;0.029368932038835
19/10/12;4; 22:00:00;14832000;10681531;3715190;435279;201;0.741941932471984;0.0293472896440129
19/10/12;4; 23:00:00;14832000;9431931;4955409;444660;201;0.655571565000897;0.0299797734627832
20/10/12;5; 00:00:00;14832000;8004394;6378256;449350;201;0.556531237289373;0.0302959816612729
20/10/12;5; 01:00:00;14832000;6538343;7848215;445442;201;0.454475837792473;0.0300324973031284
20/10/12;5; 02:00:00;14832000;5031448;9355007;445545;201;0.349735080671368;0.0300394417475728
20/10/12;5; 03:00:00;14832000;4507014;9875878;449108;201;0.313359371675738;0.030279665587918
20/10/12;5; 04:00:00;14832000;4349934;10032066;450000;201;0.302456821026283;0.0303398058252427
20/10/12;5; 05:00:00;14832000;4357088;10023935;450977;201;0.302974830093798;0.0304056769147789
20/10/12;5; 06:00:00;14832000;4703084;9674714;454202;201;0.327107391549109;0.0306231121898598
20/10/12;5; 07:00:00;14832000;5144932;9223301;463767;201;0.358076876954877;0.031268001618123
20/10/12;5; 08:00:00;14832000;5945272;8428181;458547;201;0.413628652767014;0.0309160598705502
20/10/12;5; 09:00:00;14832000;6941498;7435362;455140;201;0.482824344119648;0.0306863538295577
20/10/12;5; 10:00:00;14832000;8205053;6173131;453816;201;0.570659896966126;0.0305970873786408
20/10/12;5; 11:00:00;14832000;9067153;5313648;451199;201;0.630504031034155;0.0304206445523193
20/10/12;5; 12:00:00;14832000;9623250;4761586;447164;201;0.668985729138657;0.030148597626753
20/10/12;5; 13:00:00;14832000;9855924;4514941;461135;201;0.685826775214992;0.0310905474649407
20/10/12;5; 14:00:00;14832000;9745972;4621881;464147;201;0.678317908736956;0.0312936218985976
20/10/12;5; 15:00:00;14832000;9570683;4814114;447203;201;0.665333198654107;0.0301512270765912
20/10/12;5; 16:00:00;14832000;9626801;4754957;450242;201;0.669375816224971;0.0303561218985976
20/10/12;5; 17:00:00;14832000;10181669;4186249;464082;201;0.708639136164335;0.0312892394822006
20/10/12;5; 18:00:00;14832000;11058165;3326272;447563;201;0.768758971936128;0.0301754989212513
20/10/12;5; 19:00:00;14832000;11610869;2781839;439292;201;0.806718860689733;0.0296178532901834
20/10/12;5; 20:00:00;14832000;11917786;2468900;445314;201;0.828389943312866;0.0300238673139159
20/10/12;5; 21:00:00;14832000;11892873;2475188;463939;201;0.827729851648041;0.0312795981661273
20/10/12;5; 22:00:00;14832000;11372789;2999488;459723;201;0.79130043207489;0.0309953478964401
20/10/12;5; 23:00:00;14832000;10505840;3875917;450243;201;0.730497671459753;0.0303561893203883
21/10/12;6; 00:00:00;14832000;9191352;5183504;457144;201;0.639404805168135;0.0308214670981661
21/10/12;6; 01:00:00;14832000;7812434;6562366;457200;201;0.543481231043215;0.0308252427184466
21/10/12;6; 02:00:00;14832000;5864722;8513280;453998;201;0.407895478106068;0.0306093581445523
21/10/12;6; 03:00:00;14832000;5199266;9179990;452744;201;0.361581016430892;0.030524811218986
21/10/12;6; 04:00:00;14832000;4959582;9411618;460800;201;0.345105627922512;0.0310679611650485
21/10/12;6; 05:00:00;14832000;4998323;9372877;460800;201;0.347801366622133;0.0310679611650485
21/10/12;6; 06:00:00;14832000;5330507;9040693;460800;201;0.370915929080383;0.0310679611650485
21/10/12;6; 07:00:00;14832000;5916755;8447766;467479;201;0.411900612627459;0.0315182713052859
21/10/12;6; 08:00:00;14832000;7111515;7252207;468278;201;0.495102522869769;0.0315721413160734
21/10/12;6; 09:00:00;14832000;8862372;5509949;459679;201;0.616627752747799;0.0309923813376483
21/10/12;6; 10:00:00;14832000;10472456;3904202;455342;201;0.728434661240464;0.0306999730312837
21/10/12;6; 11:00:00;14832000;11373917;2988543;469540;201;0.79191983824498;0.0316572276159655
21/10/12;6; 12:00:00;14832000;11983620;2380014;468366;201;0.834302795518182;0.031578074433657
21/10/12;6; 13:00:00;14832000;12352932;2011563;467505;201;0.859962845891902;0.0315200242718447
21/10/12;6; 14:00:00;14832000;12544484;1818544;468972;201;0.873387143713707;0.031618932038835
21/10/12;6; 15:00:00;14832000;12448350;1915199;468451;201;0.866662549763989;0.0315838052858684
21/10/12;6; 16:00:00;14832000;12369514;1998136;464350;201;0.860928126729145;0.0313073085221144
21/10/12;6; 17:00:00;14832000;11766058;2595281;470661;201;0.819286975956768;0.0317328074433657
21/10/12;6; 18:00:00;14832000;11530448;2825720;475832;201;0.803170316758622;0.0320814455231931
21/10/12;6; 19:00:00;14832000;11213930;3147207;470863;201;0.780852518850005;0.0317464266450917
21/10/12;6; 20:00:00;14832000;9750273;4615461;466266;201;0.678717356175466;0.0314364886731392
21/10/12;6; 21:00:00;14832000;8419942;5924994;487064;201;0.586962674493633;0.0328387270765912
21/10/12;6; 22:00:00;14832000;7118091;7228605;485304;201;0.496148451183464;0.0327200647249191
21/10/12;6; 23:00:00;14832000;5903110;8453677;475213;201;0.411172081887124;0.0320397114347357
22/10/12;0; 00:00:00;14832000;5136786;9205659;489555;201;0.358152741739641;0.0330066747572816
22/10/12;0; 01:00:00;14832000;4827325;9491127;513548;201;0.337140146155464;0.0346243257820928
22/10/12;0; 02:00:00;14832000;4499105;9815742;517153;201;0.314296408477157;0.0348673813376483
22/10/12;0; 03:00:00;14832000;4380427;9937310;514263;201;0.305944088790009;0.0346725323624595
22/10/12;0; 04:00:00;14832000;4416970;9897331;517699;201;0.308570428971698;0.034904193635383
22/10/12;0; 05:00:00;14832000;4665149;9634051;532800;201;0.326252447689381;0.0359223300970874
22/10/12;0; 06:00:00;14832000;5230299;9020742;580959;201;0.367011715144178;0.0391692961165049
22/10/12;0; 07:00:00;14832000;5782613;7844250;1205137;201;0.424353939714518;0.0812524946062567
22/10/12;0; 08:00:00;14832000;6422037;7212560;1197403;201;0.47101040096748;0.0807310544768069
22/10/12;0; 09:00:00;14832000;7667673;6656727;507600;201;0.53528755131105;0.0342233009708738
22/10/12;0; 10:00:00;14832000;9026424;5301512;504064;201;0.629987738638699;0.0339848975188781
22/10/12;0; 11:00:00;14832000;9940455;4365598;525947;201;0.69484259564815;0.0354602885652643
22/10/12;0; 12:00:00;14832000;10551074;3757670;523256;201;0.737386454045163;0.0352788565264293
22/10/12;0; 13:00:00;14832000;10458693;3853431;519876;201;0.73075757308978;0.0350509708737864
22/10/12;0; 14:00:00;14832000;10138353;4177043;516604;201;0.708213241184526;0.0348303667745415
22/10/12;0; 15:00:00;14832000;9481649;4310653;1039698;201;0.687459497334093;0.0700983009708738
22/10/12;0; 16:00:00;14832000;9183850;3886448;1761702;201;0.70265039098573;0.118777103559871
22/10/12;0; 17:00:00;14832000;9540868;3535179;1755953;201;0.729644670136166;0.118389495685005
22/10/12;0; 18:00:00;14832000;10410223;3169361;1252416;201;0.766608388003638;0.0844401294498382
22/10/12;0; 19:00:00;14832000;10965559;3347311;519130;201;0.766132788182943;0.0350006742179072
22/10/12;0; 20:00:00;14832000;10477556;3837355;517089;201;0.73193301725732;0.0348630663430421
22/10/12;0; 21:00:00;14832000;8448445;5862083;521472;201;0.590365708379174;0.0351585760517799
22/10/12;0; 22:00:00;14832000;7088984;7191974;551042;201;0.496394149468124;0.037152238403452
22/10/12;0; 23:00:00;14832000;5921662;8357580;552758;201;0.414704225896585;0.0372679341963323
23/10/12;1; 00:00:00;14832000;5144264;9142906;544830;201;0.360061789703629;0.0367334142394822
23/10/12;1; 01:00:00;14832000;4689529;9577030;565441;201;0.328707784406878;0.038123044768069
23/10/12;1; 02:00:00;14832000;4343738;9909523;578739;201;0.30475397875616;0.0390196197411003
23/10/12;1; 03:00:00;14832000;4270302;9978498;583200;201;0.299695553309752;0.0393203883495146
23/10/12;1; 04:00:00;14832000;4309567;9936436;585997;201;0.302510605957334;0.0395089670981661
23/10/12;1; 05:00:00;14832000;4611960;9615240;604800;201;0.324164979757085;0.0407766990291262
23/10/12;1; 06:00:00;14832000;5243017;8934536;654447;201;0.36981113736623;0.0441239886731392
23/10/12;1; 07:00:00;14832000;5843301;7724181;1264518;201;0.430684264036613;0.0852560679611651
23/10/12;1; 08:00:00;14832000;6794729;6781144;1256127;201;0.500500336147812;0.0846903317152104
23/10/12;1; 09:00:00;14832000;8030609;6232275;569116;201;0.563042439383227;0.0383708198489752
23/10/12;1; 10:00:00;14832000;9188851;5073502;569647;201;0.644273143428718;0.038406620819849
23/10/12;1; 11:00:00;14832000;9783069;4471938;576993;201;0.68629001725499;0.0389019012944984
23/10/12;1; 12:00:00;14832000;10381054;3874647;576299;201;0.728203684967859;0.0388551105717368
23/10/12;1; 13:00:00;14832000;10381675;3875076;575249;201;0.728193611573913;0.0387843176914779
23/10/12;1; 14:00:00;14832000;9909143;4352963;569894;201;0.69478820308866;0.0384232740021575
23/10/12;1; 15:00:00;14832000;9229894;4503889;1098217;201;0.672057655199591;0.0740437567421791
23/10/12;1; 16:00:00;14832000;9035669;3984247;1812084;201;0.693988271506514;0.122173948220065
23/10/12;1; 17:00:00;14832000;9293940;3719893;1818167;201;0.714158541914592;0.122584074973031
23/10/12;1; 18:00:00;14832000;10375525;3140210;1316265;201;0.767662653936319;0.0887449433656958
23/10/12;1; 19:00:00;14832000;10891823;3345757;594420;201;0.765005218583495;0.040076860841424
23/10/12;1; 20:00:00;14832000;10622725;3625306;583969;201;0.745557403686166;0.0393722357065804
23/10/12;1; 21:00:00;14832000;9305716;4932732;593552;201;0.653562523106451;0.0400183387270766
23/10/12;1; 22:00:00;14832000;7700012;6523070;608918;201;0.541374365977782;0.0410543419633225
23/10/12;1; 23:00:00;14832000;5936048;8287552;608400;201;0.417337945386541;0.0410194174757282
24/10/12;2; 00:00:00;14832000;4873483;9350117;608400;201;0.342633580809359;0.0410194174757282
24/10/12;2; 01:00:00;14832000;4378742;9832916;620342;201;0.308109159395758;0.0418245685005394
24/10/12;2; 02:00:00;14832000;4147655;10047374;636971;201;0.292190667592155;0.0429457254584682
24/10/12;2; 03:00:00;14832000;4128006;10066794;637200;201;0.290811142108378;0.0429611650485437
24/10/12;2; 04:00:00;14832000;4109867;10083620;638513;201;0.289560063710912;0.0430496898597627
24/10/12;2; 05:00:00;14832000;4381700;9792000;658300;201;0.309142990186049;0.044383764832794
24/10/12;2; 06:00:00;14832000;5023898;9104957;703145;201;0.355577150448497;0.0474072950377562
24/10/12;2; 07:00:00;14832000;5839951;7672357;1319692;201;0.432194929245248;0.0889759978425027
24/10/12;2; 08:00:00;14832000;7137603;6373608;1320789;201;0.52827263226072;0.0890499595469256
24/10/12;2; 09:00:00;14832000;8466319;5721078;644603;201;0.596749283889074;0.0434602885652643
24/10/12;2; 10:00:00;14832000;9741804;4452793;637403;201;0.686303668924169;0.0429748516720604
24/10/12;2; 11:00:00;14832000;10415465;3772135;644400;201;0.73412451718402;0.0434466019417476
24/10/12;2; 12:00:00;14832000;10684373;3494555;653072;201;0.753538842992926;0.0440312837108954
24/10/12;2; 13:00:00;14832000;10534254;3648391;649355;201;0.742756657873055;0.0437806769147789
24/10/12;2; 14:00:00;14832000;10306757;3878978;646265;201;0.726557841380796;0.0435723435814455
24/10/12;2; 15:00:00;14832000;9943299;3718441;1170260;201;0.727820833949409;0.078901024811219
24/10/12;2; 16:00:00;14832000;9754543;3185710;1891747;201;0.753813932386021;0.127544970334412
24/10/12;2; 17:00:00;14832000;10143994;2803966;1884040;201;0.783443415024452;0.127025350593312
24/10/12;2; 18:00:00;14832000;10997142;2466803;1368055;201;0.816784530834016;0.0922367179072276
24/10/12;2; 19:00:00;14832000;11414018;2768111;649871;201;0.804816963658982;0.0438154665587918
24/10/12;2; 20:00:00;14832000;11007917;3169192;654891;201;0.776457104195221;0.0441539239482201
24/10/12;2; 21:00:00;14832000;9356502;4827189;648309;201;0.659666232153535;0.0437101537216828
24/10/12;2; 22:00:00;14832000;8229210;5951951;650839;201;0.580291698260812;0.0438807308522114
24/10/12;2; 23:00:00;14832000;6879109;7294923;657968;201;0.485331837828502;0.044361380798274
25/10/12;3; 00:00:00;14832000;5572004;8605854;654142;201;0.393007462763416;0.0441034250269687
25/10/12;3; 01:00:00;14832000;4883292;9293508;655200;201;0.34445657694261;0.0441747572815534
25/10/12;3; 02:00:00;14832000;4346305;9815550;670145;201;0.306902238442633;0.0451823759439051
25/10/12;3; 03:00:00;14832000;4235558;9919642;676800;201;0.299222759127388;0.045631067961165
25/10/12;3; 04:00:00;14832000;4248063;9901357;682580;201;0.300228772628136;0.0460207659115426
25/10/12;3; 05:00:00;14832000;4447074;9693796;691130;201;0.314483762314483;0.0465972222222222
25/10/12;3; 06:00:00;14832000;5159515;8932503;739982;201;0.366130315757474;0.0498909115426106
25/10/12;3; 07:00:00;14832000;5786344;7694721;1350935;201;0.429220094999913;0.0910824568500539
25/10/12;3; 08:00:00;14832000;6891348;6594422;1346230;201;0.511008863416772;0.0907652373247033
25/10/12;3; 09:00:00;14832000;8340900;5828835;662265;201;0.588641918850282;0.0446510922330097
25/10/12;3; 10:00:00;14832000;9536131;4640316;655553;201;0.672674260341819;0.0441985571736785
25/10/12;3; 11:00:00;14832000;10258475;3910685;662840;201;0.724000223019572;0.0446898597626753
25/10/12;3; 12:00:00;14832000;10788913;3377668;665419;201;0.761574934700193;0.0448637405609493
25/10/12;3; 13:00:00;14832000;10770041;3396206;665753;201;0.760260709840793;0.0448862594390507
25/10/12;3; 14:00:00;14832000;10369888;3799712;662400;201;0.731840560072267;0.0446601941747573
25/10/12;3; 15:00:00;14832000;9807548;3834076;1190376;201;0.718942847273902;0.0802572815533981
25/10/12;3; 16:00:00;14832000;9561413;3349784;1920803;201;0.740552018530892;0.129503977885653
25/10/12;3; 17:00:00;14832000;9851256;3069142;1911602;201;0.76245762707929;0.128883629989213
25/10/12;3; 18:00:00;14832000;10723192;2712008;1396800;201;0.79814159818983;0.0941747572815534
25/10/12;3; 19:00:00;14832000;11260991;2916178;654831;201;0.794304631622858;0.0441498786407767
25/10/12;3; 20:00:00;14832000;10759213;3407358;665429;201;0.759478987540457;0.0448644147788565
25/10/12;3; 21:00:00;14832000;9333240;4836360;662400;201;0.658680555555556;0.0446601941747573
25/10/12;3; 22:00:00;14832000;7960855;6212041;659104;201;0.561695718362711;0.0444379719525351
25/10/12;3; 23:00:00;14832000;6856900;7304581;670519;201;0.484193708271049;0.0452075916936354
26/10/12;4; 00:00:00;14832000;5752818;8409582;669600;201;0.406203609557702;0.0451456310679612
26/10/12;4; 01:00:00;14832000;5098294;9064106;669600;201;0.359987996384794;0.0451456310679612
26/10/12;4; 02:00:00;14832000;4469110;9692086;670804;201;0.31558845735911;0.0452268069039914
26/10/12;4; 03:00:00;14832000;4248058;9910836;673106;201;0.300027530398914;0.0453820118662352
26/10/12;4; 04:00:00;14832000;4186157;9972643;673200;201;0.295657612227025;0.0453883495145631
26/10/12;4; 05:00:00;14832000;4408166;9737346;686488;201;0.311630006747016;0.0462842502696872
26/10/12;4; 06:00:00;14832000;5151163;8945585;735252;201;0.365414987910687;0.0495720064724919
26/10/12;4; 07:00:00;14832000;5833078;7635865;1363057;201;0.433076151558441;0.0918997437971953
26/10/12;4; 08:00:00;14832000;6834344;6647840;1349816;201;0.506916683528425;0.0910070118662352
26/10/12;4; 09:00:00;14832000;8081142;6083945;666913;201;0.570497166731133;0.0449644687162891
26/10/12;4; 10:00:00;14832000;9167840;4988186;675974;201;0.647628084322535;0.045575377562028
26/10/12;4; 11:00:00;14832000;9892879;4252710;686411;201;0.699361405170191;0.0462790587918015
26/10/12;4; 12:00:00;14832000;10376641;3771359;684000;201;0.733435185185185;0.0461165048543689
26/10/12;4; 13:00:00;14832000;10241625;3905405;684970;201;0.72394170366501;0.04618190399137
26/10/12;4; 14:00:00;14832000;9805259;4350583;676158;201;0.692665190809561;0.045587783171521
26/10/12;4; 15:00:00;14832000;9165638;4476048;1190314;201;0.671884545649269;0.0802531014023733
26/10/12;4; 16:00:00;14832000;8768628;4151397;1911975;201;0.678685064463885;0.128908778317152
26/10/12;4; 17:00:00;14832000;9270646;3644947;1916407;201;0.717787096573886;0.129207591693635
26/10/12;4; 18:00:00;14832000;10371419;3049802;1410779;201;0.772762701694578;0.0951172464940669
26/10/12;4; 19:00:00;14832000;10987994;3183774;660232;201;0.775343909101532;0.0445140237324703
26/10/12;4; 20:00:00;14832000;11160208;3004212;667580;201;0.78790434059425;0.0450094390507012
26/10/12;4; 21:00:00;14832000;10971952;3188996;671052;201;0.774803494794275;0.0452435275080906
26/10/12;4; 22:00:00;14832000;10103521;4036728;691751;201;0.714522141724661;0.0466390911542611
26/10/12;4; 23:00:00;14832000;9002050;5138076;691874;201;0.636631526480033;0.04664738403452